0.000000 4.697865 
0.628319 4.715600 
1.256637 4.733369 
1.884956 4.744865 
2.513274 4.744865 
3.141593 4.744865 
3.769911 4.744865 
4.398230 4.744865 
5.026548 4.744865 
5.654867 4.744865 
6.283185 4.744865 
6.911504 4.744865 
7.539822 4.744865 
8.168141 4.744865 
8.796459 4.744865 
9.424778 4.744865 
10.053096 4.744865 
10.681415 4.744865 
11.309734 4.744865 
11.938052 4.744865 
12.566371 4.744865 
13.194689 4.744865 
13.823008 4.744865 
14.451326 4.744865 
15.079645 4.744865 
15.707963 4.744865 
16.336282 4.744865 
16.964600 4.744865 
17.592919 4.744865 
18.221237 4.744865 
18.849556 4.744865 
19.477874 4.744865 
20.106193 4.744865 
20.734512 4.744865 
21.362830 4.744865 
21.991149 4.744865 
22.619467 4.744865 
23.247786 4.744865 
23.876104 4.744865 
24.504423 4.744865 
25.132741 4.744865 
25.761060 4.744865 
26.389378 4.744865 
27.017697 4.744865 
27.646015 4.744865 
28.274334 4.744865 
28.902652 4.744865 
29.530971 4.744865 
30.159289 4.744865 
30.787608 4.744865 
31.415927 4.744865 
32.044245 4.744865 
32.672564 4.744865 
33.300882 4.744865 
33.929201 4.744865 
34.557519 4.744865 
35.185838 4.744865 
35.814156 4.744865 
36.442475 4.744865 
37.070793 4.744865 
37.699112 4.744865 
38.327430 4.744865 
38.955749 4.744865 
39.584067 4.744865 
40.212386 4.744865 
40.840704 4.744865 
41.469023 4.744865 
42.097342 4.744865 
42.725660 4.744865 
43.353979 4.744865 
43.982297 4.744865 
44.610616 4.744865 
45.238934 4.744865 
45.867253 4.744865 
46.495571 4.744865 
47.123890 4.744865 
47.752208 4.744865 
48.380527 4.744865 
49.008845 4.744865 
49.637164 4.744865 
50.265482 4.744865 
50.893801 4.744865 
51.522120 4.744865 
52.150438 4.744865 
52.778757 4.744865 
53.407075 4.744865 
54.035394 4.744865 
54.663712 4.744865 
55.292031 4.744865 
55.920349 4.744865 
56.548668 4.744865 
57.176986 4.744865 
57.805305 4.744865 
58.433623 4.744865 
59.061942 4.744865 
59.690260 4.744865 
60.318579 4.744865 
60.946897 4.744865 
61.575216 4.744865 
62.203535 4.744865 
62.831853 4.744865 
63.460172 4.744865 
64.088490 4.744865 
64.716809 4.744865 
65.345127 4.744865 
65.973446 4.744865 
66.601764 4.744865 
67.230083 4.744865 
67.858401 4.761922 
68.486720 4.779778 
69.115038 4.797667 
69.743357 4.815589 
70.371675 4.833545 
70.999994 4.838867 
71.628313 4.838867 
72.256631 4.838867 
72.884950 4.838867 
73.513268 4.838867 
74.141587 4.838867 
74.769905 4.838867 
75.398224 4.838867 
76.026542 4.838867 
76.654861 4.838867 
77.283179 4.838867 
77.911498 4.838867 
78.539816 4.838867 
79.168135 4.838867 
79.796453 4.838867 
80.424772 4.838867 
81.053090 4.838867 
81.681409 4.838867 
82.309728 4.838867 
82.938046 4.838867 
83.566365 4.838867 
84.194683 4.838867 
84.823002 4.838867 
85.451320 4.838867 
86.079639 4.838867 
86.707957 4.838867 
87.336276 4.838867 
87.964594 4.838867 
88.592913 4.838867 
89.221231 4.838867 
89.849550 4.838867 
90.477868 4.838867 
91.106187 4.838867 
91.734505 4.838867 
92.362824 4.838867 
92.991143 4.838867 
93.619461 4.838867 
94.247780 4.838867 
94.876098 4.838867 
95.504417 4.838867 
96.132735 4.838867 
96.761054 4.838867 
97.389372 4.838867 
98.017691 4.838867 
98.646009 4.838867 
99.274328 4.838867 
99.902646 4.838867 
100.530965 4.838867 
101.159283 4.838867 
101.787602 4.838867 
102.415921 4.838867 
103.044239 4.838867 
103.672558 4.838867 
104.300876 4.838867 
104.929195 4.838867 
105.557513 4.838867 
106.185832 4.838867 
106.814150 4.838867 
107.442469 4.838867 
108.070787 4.838867 
108.699106 4.838867 
109.327424 4.838867 
109.955743 4.838867 
110.584061 4.838867 
111.212380 4.838867 
111.840698 4.838867 
112.469017 4.838867 
113.097336 4.838867 
113.725654 4.838867 
114.353973 4.838867 
114.982291 4.838867 
115.610610 4.838867 
116.238928 4.838867 
116.867247 4.838867 
117.495565 4.838867 
118.123884 4.838867 
118.752202 4.838867 
119.380521 4.838867 
120.008839 4.838867 
120.637158 4.838867 
121.265476 4.838867 
121.893795 4.838867 
122.522113 4.838867 
123.150432 4.838867 
123.778751 4.838867 
124.407069 4.838867 
125.035388 4.838867 
125.663706 4.838867 
126.292025 4.838867 
126.920343 4.838867 
127.548662 4.838867 
128.176980 4.838867 
128.805299 4.838867 
129.433617 4.838867 
130.061936 4.838867 
130.690254 4.838867 
131.318573 4.838867 
131.946891 4.838867 
132.575210 4.838867 
133.203529 4.838867 
133.831847 4.838867 
134.460166 4.838867 
135.088484 4.838867 
135.716803 4.838867 
136.345121 4.844389 
136.973440 4.862398 
137.601758 4.880441 
138.230077 4.898518 
138.858395 4.916628 
139.486714 4.932864 
140.115032 4.932864 
140.743351 4.932864 
141.371669 4.932864 
141.999988 4.932864 
142.628306 4.932864 
143.256625 4.932864 
143.884944 4.932864 
144.513262 4.932864 
145.141581 4.932864 
145.769899 4.932864 
146.398218 4.932864 
147.026536 4.932864 
147.654855 4.932864 
148.283173 4.932864 
148.911492 4.932864 
149.539810 4.932864 
150.168129 4.932864 
150.796447 4.932864 
151.424766 4.932864 
152.053084 4.932864 
152.681403 4.932864 
153.309721 4.932864 
153.938040 4.932864 
154.566359 4.932864 
155.194677 4.932864 
155.822996 4.932864 
156.451314 4.932864 
157.079633 4.932864 
157.707951 4.932864 
158.336270 4.932864 
158.964588 4.932864 
159.592907 4.932864 
160.221225 4.932864 
160.849544 4.932864 
161.477862 4.932864 
162.106181 4.932864 
162.734499 4.932864 
163.362818 4.932864 
163.991137 4.932864 
164.619455 4.932864 
165.247774 4.932864 
165.876092 4.932864 
166.504411 4.932864 
167.132729 4.932864 
167.761048 4.932864 
168.389366 4.932864 
169.017685 4.932864 
169.646003 4.932864 
170.274322 4.932864 
170.902640 4.932864 
171.530959 4.932864 
172.159277 4.932864 
172.787596 4.932864 
173.415914 4.932864 
174.044233 4.932864 
174.672552 4.932864 
175.300870 4.932864 
175.929189 4.932864 
176.557507 4.932864 
177.185826 4.932864 
177.814144 4.932864 
178.442463 4.932864 
179.070781 4.932864 
179.699100 4.932864 
180.327418 4.932864 
180.955737 4.932864 
181.584055 4.932864 
182.212374 4.932864 
182.840692 4.932864 
183.469011 4.932864 
184.097330 4.932864 
184.725648 4.932864 
185.353967 4.932864 
185.982285 4.932864 
186.610604 4.932864 
187.238922 4.932864 
187.867241 4.932864 
188.495559 4.932864 
189.123878 4.932864 
189.752196 4.932864 
190.380515 4.932864 
191.008833 4.932864 
191.637152 4.932864 
192.265470 4.932864 
192.893789 4.932864 
193.522107 4.932864 
194.150426 4.932864 
194.778745 4.932864 
195.407063 4.932864 
196.035382 4.932864 
196.663700 4.932864 
197.292019 4.932864 
197.920337 4.932864 
198.548656 4.932864 
199.176974 4.932864 
199.805293 4.932864 
200.433611 4.932864 
201.061930 4.932864 
201.690248 4.932864 
202.318567 4.932864 
202.946885 4.932864 
203.575204 4.932864 
204.203522 4.932864 
204.831841 4.932864 
205.460160 4.945727 
206.088478 4.963923 
206.716797 4.982154 
207.345115 5.000418 
207.973434 5.018714 
208.601752 5.026867 
209.230071 5.026867 
209.858389 5.026867 
210.486708 5.026867 
211.115026 5.026867 
211.743345 5.026867 
212.371663 5.026867 
212.999982 5.026867 
213.628300 5.026867 
214.256619 5.026867 
214.884938 5.026867 
215.513256 5.026867 
216.141575 5.026867 
216.769893 5.026867 
217.398212 5.026867 
218.026530 5.026867 
218.654849 5.026867 
219.283167 5.026867 
219.911486 5.026867 
220.539804 5.026867 
221.168123 5.026867 
221.796441 5.026867 
222.424760 5.026867 
223.053078 5.026867 
223.681397 5.026867 
224.309715 5.026867 
224.938034 5.026867 
225.566353 5.026867 
226.194671 5.026867 
226.822990 5.026867 
227.451308 5.026867 
228.079627 5.026867 
228.707945 5.026867 
229.336264 5.026867 
229.964582 5.026867 
230.592901 5.026867 
231.221219 5.026867 
231.849538 5.026867 
232.477856 5.026867 
233.106175 5.026867 
233.734493 5.026867 
234.362812 5.026867 
234.991130 5.026867 
235.619449 5.026867 
236.247768 5.026867 
236.876086 5.026867 
237.504405 5.026867 
238.132723 5.026867 
238.761042 5.026867 
239.389360 5.026867 
240.017679 5.026867 
240.645997 5.026867 
241.274316 5.026867 
241.902634 5.026867 
242.530953 5.026867 
243.159271 5.026867 
243.787590 5.026867 
244.415908 5.026867 
245.044227 5.026867 
245.672546 5.026867 
246.300864 5.026867 
246.929183 5.026867 
247.557501 5.026867 
248.185820 5.026867 
248.814138 5.026867 
249.442457 5.026867 
250.070775 5.026867 
250.699094 5.026867 
251.327412 5.026867 
251.955731 5.026867 
252.584049 5.026867 
253.212368 5.026867 
253.840686 5.026867 
254.469005 5.026867 
255.097323 5.026867 
255.725642 5.026867 
256.353961 5.026867 
256.982279 5.026867 
257.610598 5.026867 
258.238916 5.026867 
258.867235 5.026867 
259.495553 5.026867 
260.123872 5.026867 
260.752190 5.026867 
261.380509 5.026867 
262.008827 5.026867 
262.637146 5.026867 
263.265464 5.026867 
263.893783 5.026867 
264.522101 5.026867 
265.150420 5.026867 
265.778738 5.026867 
266.407057 5.026867 
267.035376 5.026867 
267.663694 5.026867 
268.292013 5.026867 
268.920331 5.026867 
269.548650 5.026867 
270.176968 5.026867 
270.805287 5.026867 
271.433605 5.026867 
272.061924 5.026867 
272.690242 5.026867 
273.318561 5.026867 
273.946879 5.029763 
274.575198 5.048114 
275.203516 5.066498 
275.831835 5.084916 
276.460154 5.103366 
277.088472 5.120870 
277.716791 5.120870 
278.345109 5.120870 
278.973428 5.120870 
279.601746 5.120870 
280.230065 5.120870 
280.858383 5.120870 
281.486702 5.120870 
282.115020 5.120870 
282.743339 5.120870 
283.371657 5.120870 
283.999976 5.120870 
284.628294 5.120870 
285.256613 5.120870 
285.884931 5.120870 
286.513250 5.120870 
287.141569 5.120870 
287.769887 5.120870 
288.398206 5.120870 
289.026524 5.120870 
289.654843 5.120870 
290.283161 5.120870 
290.911480 5.120870 
291.539798 5.120870 
292.168117 5.120870 
292.796435 5.120870 
293.424754 5.120870 
294.053072 5.120870 
294.681391 5.120870 
295.309709 5.120870 
295.938028 5.120870 
296.566346 5.120870 
297.194665 5.120870 
297.822984 5.120870 
298.451302 5.120870 
299.079621 5.120870 
299.707939 5.120870 
300.336258 5.120870 
300.964576 5.120870 
301.592895 5.120870 
302.221213 5.120870 
302.849532 5.120870 
303.477850 5.120870 
304.106169 5.120870 
304.734487 5.120870 
305.362806 5.120870 
305.991124 5.120870 
306.619443 5.120870 
307.247762 5.120870 
307.876080 5.120870 
308.504399 5.120870 
309.132717 5.120870 
309.761036 5.120870 
310.389354 5.120870 
311.017673 5.120870 
311.645991 5.120870 
312.274310 5.120870 
312.902628 5.120870 
313.530947 5.120870 
314.159265 5.120870 
314.787584 5.120870 
315.415902 5.120870 
316.044221 5.120870 
316.672539 5.120870 
317.300858 5.120870 
317.929177 5.120870 
318.557495 5.120870 
319.185814 5.120870 
319.814132 5.120870 
320.442451 5.120870 
321.070769 5.120870 
321.699088 5.120870 
322.327406 5.120870 
322.955725 5.120870 
323.584043 5.120870 
324.212362 5.120870 
324.840680 5.120870 
325.468999 5.120870 
326.097317 5.120870 
326.725636 5.120870 
327.353955 5.120870 
327.982273 5.120870 
328.610592 5.120870 
329.238910 5.120870 
329.867229 5.120870 
330.495547 5.120870 
331.123866 5.120870 
331.752184 5.120870 
332.380503 5.120870 
333.008821 5.120870 
333.637140 5.120870 
334.265458 5.120870 
334.893777 5.120870 
335.522095 5.120870 
336.150414 5.120870 
336.778732 5.120870 
337.407051 5.120870 
338.035370 5.120870 
338.663688 5.120870 
339.292007 5.120870 
339.920325 5.120870 
340.548644 5.120870 
341.176962 5.120870 
341.805281 5.120870 
342.433599 5.120870 
343.061918 5.133012 
343.690236 5.151550 
344.318555 5.170121 
344.946873 5.188726 
345.575192 5.207364 
346.203510 5.214866 
346.831829 5.214866 
347.460147 5.214866 
348.088466 5.214866 
348.716785 5.214866 
349.345103 5.214866 
349.973422 5.214866 
350.601740 5.214866 
351.230059 5.214866 
351.858377 5.214866 
352.486696 5.214866 
353.115014 5.214866 
353.743333 5.214866 
354.371651 5.214866 
354.999970 5.214866 
355.628288 5.214866 
356.256607 5.214866 
356.884925 5.214866 
357.513244 5.214866 
358.141563 5.214866 
358.769881 5.214866 
359.398200 5.214866 
360.026518 5.214866 
360.654837 5.214866 
361.283155 5.214866 
361.911474 5.214866 
362.539792 5.214866 
363.168111 5.214866 
363.796429 5.214866 
364.424748 5.214866 
365.053066 5.214866 
365.681385 5.214866 
366.309703 5.214866 
366.938022 5.214866 
367.566340 5.214866 
368.194659 5.214866 
368.822978 5.214866 
369.451296 5.214866 
370.079615 5.214866 
370.707933 5.214866 
371.336252 5.214866 
371.964570 5.214866 
372.592889 5.214866 
373.221207 5.214866 
373.849526 5.214866 
374.477844 5.214866 
375.106163 5.214866 
375.734481 5.214866 
376.362800 5.214866 
376.991118 5.214866 
377.619437 5.214866 
378.247755 5.214866 
378.876074 5.214866 
379.504393 5.214866 
380.132711 5.214866 
380.761030 5.214866 
381.389348 5.214866 
382.017667 5.214866 
382.645985 5.214866 
383.274304 5.214866 
383.902622 5.214866 
384.530941 5.214866 
385.159259 5.214866 
385.787578 5.214866 
386.415896 5.214866 
387.044215 5.214866 
387.672533 5.214866 
388.300852 5.214866 
388.929171 5.214866 
389.557489 5.214866 
390.185808 5.214866 
390.814126 5.214866 
391.442445 5.214866 
392.070763 5.214866 
392.699082 5.214866 
393.327400 5.214866 
393.955719 5.214866 
394.584037 5.214866 
395.212356 5.214866 
395.840674 5.214866 
396.468993 5.214866 
397.097311 5.214866 
397.725630 5.214866 
398.353948 5.214866 
398.982267 5.214866 
399.610586 5.214866 
400.238904 5.214866 
400.867223 5.214866 
401.495541 5.214866 
402.123860 5.214866 
402.752178 5.214866 
403.380497 5.214866 
404.008815 5.214866 
404.637134 5.214866 
405.265452 5.214866 
405.893771 5.214866 
406.522089 5.214866 
407.150408 5.214866 
407.778726 5.214866 
408.407045 5.214866 
409.035363 5.214866 
409.663682 5.214866 
410.292001 5.214866 
410.920319 5.214866 
411.548638 5.218619 
412.176956 5.237311 
412.805275 5.256035 
413.433593 5.274794 
414.061912 5.293585 
414.690230 5.308869 
415.318549 5.308869 
415.946867 5.308869 
416.575186 5.308869 
417.203504 5.308869 
417.831823 5.308869 
418.460141 5.308869 
419.088460 5.308869 
419.716779 5.308869 
420.345097 5.308869 
420.973416 5.308869 
421.601734 5.308869 
422.230053 5.308869 
422.858371 5.308869 
423.486690 5.308869 
424.115008 5.308869 
424.743327 5.308869 
425.371645 5.308869 
425.999964 5.308869 
426.628282 5.308869 
427.256601 5.308869 
427.884919 5.308869 
428.513238 5.308869 
429.141556 5.308869 
429.769875 5.308869 
430.398194 5.308869 
431.026512 5.308869 
431.654831 5.308869 
432.283149 5.308869 
432.911468 5.308869 
433.539786 5.308869 
434.168105 5.308869 
434.796423 5.308869 
435.424742 5.308869 
436.053060 5.308869 
436.681379 5.308869 
437.309697 5.308869 
437.938016 5.308869 
438.566334 5.308869 
439.194653 5.308869 
439.822972 5.308869 
440.451290 5.308869 
441.079609 5.308869 
441.707927 5.308869 
442.336246 5.308869 
442.964564 5.308869 
443.592883 5.308869 
444.221201 5.308869 
444.849520 5.308869 
445.477838 5.308869 
446.106157 5.308869 
446.734475 5.308869 
447.362794 5.308869 
447.991112 5.308869 
448.619431 5.308869 
449.247749 5.308869 
449.876068 5.308869 
450.504387 5.308869 
451.132705 5.308869 
451.761024 5.308869 
452.389342 5.308869 
453.017661 5.308869 
453.645979 5.308869 
454.274298 5.308869 
454.902616 5.308869 
455.530935 5.308869 
456.159253 5.308869 
456.787572 5.308869 
457.415890 5.308869 
458.044209 5.308869 
458.672527 5.308869 
459.300846 5.308869 
459.929164 5.308869 
460.557483 5.308869 
461.185802 5.308869 
461.814120 5.308869 
462.442439 5.308869 
463.070757 5.308869 
463.699076 5.308869 
464.327394 5.308869 
464.955713 5.308869 
465.584031 5.308869 
466.212350 5.308869 
466.840668 5.308869 
467.468987 5.308869 
468.097305 5.308869 
468.725624 5.308869 
469.353942 5.308869 
469.982261 5.308869 
470.610580 5.308869 
471.238898 5.308869 
471.867217 5.308869 
472.495535 5.308869 
473.123854 5.308869 
473.752172 5.308869 
474.380491 5.308869 
475.008809 5.308869 
475.637128 5.308869 
476.265446 5.308869 
476.893765 5.308869 
477.522083 5.308869 
478.150402 5.308869 
478.778720 5.308869 
479.407039 5.308869 
480.035357 5.308869 
480.663676 5.323779 
481.291995 5.342657 
481.920313 5.361569 
482.548632 5.380515 
483.176950 5.399494 
483.805269 5.402876 
484.433587 5.402876 
485.061906 5.402876 
485.690224 5.402876 
486.318543 5.402876 
486.946861 5.402876 
487.575180 5.402876 
488.203498 5.402876 
488.831817 5.402876 
489.460135 5.402876 
490.088454 5.402876 
490.716772 5.402876 
491.345091 5.402876 
491.973410 5.402876 
492.601728 5.402876 
493.230047 5.402876 
493.858365 5.402876 
494.486684 5.402876 
495.115002 5.402876 
495.743321 5.402876 
496.371639 5.402876 
496.999958 5.402876 
497.628276 5.402876 
498.256595 5.402876 
498.884913 5.402876 
499.513232 5.402876 
500.141550 5.402876 
500.769869 5.402876 
501.398188 5.402876 
502.026506 5.402876 
502.654825 5.402876 
503.283143 5.402876 
503.911462 5.402876 
504.539780 5.402876 
505.168099 5.402876 
505.796417 5.402876 
506.424736 5.402876 
507.053054 5.402876 
507.681373 5.402876 
508.309691 5.402876 
508.938010 5.402876 
509.566328 5.402876 
510.194647 5.402876 
510.822965 5.402876 
511.451284 5.402876 
512.079603 5.402876 
512.707921 5.402876 
513.336240 5.402876 
513.964558 5.402876 
514.592877 5.402876 
515.221195 5.402876 
515.849514 5.402876 
516.477832 5.402876 
517.106151 5.402876 
517.734469 5.402876 
518.362788 5.402876 
518.991106 5.402876 
519.619425 5.402876 
520.247743 5.402876 
520.876062 5.402876 
521.504380 5.402876 
522.132699 5.402876 
522.761018 5.402876 
523.389336 5.402876 
524.017655 5.402876 
524.645973 5.402876 
525.274292 5.402876 
525.902610 5.402876 
526.530929 5.402876 
527.159247 5.402876 
527.787566 5.402876 
528.415884 5.402876 
529.044203 5.402876 
529.672521 5.402876 
530.300840 5.402876 
530.929158 5.402876 
531.557477 5.402876 
532.185796 5.402876 
532.814114 5.402876 
533.442433 5.402876 
534.070751 5.402876 
534.699070 5.402876 
535.327388 5.402876 
535.955707 5.402876 
536.584025 5.402876 
537.212344 5.402876 
537.840662 5.402876 
538.468981 5.402876 
539.097299 5.402876 
539.725618 5.402876 
540.353936 5.402876 
540.982255 5.402876 
541.610573 5.402876 
542.238892 5.402876 
542.867211 5.402876 
543.495529 5.402876 
544.123848 5.402876 
544.752166 5.402876 
545.380485 5.402876 
546.008803 5.402876 
546.637122 5.402876 
547.265440 5.402876 
547.893759 5.402876 
548.522077 5.402876 
549.150396 5.410955 
549.778714 5.429987 
550.407033 5.449053 
551.035351 5.468152 
551.663670 5.487286 
552.291989 5.496864 
552.920307 5.496864 
553.548626 5.496864 
554.176944 5.496864 
554.805263 5.496864 
555.433581 5.496864 
556.061900 5.496864 
556.690218 5.496864 
557.318537 5.496864 
557.946855 5.496864 
558.575174 5.496864 
559.203492 5.496864 
559.831811 5.496864 
560.460129 5.496864 
561.088448 5.496864 
561.716766 5.496864 
562.345085 5.496864 
562.973404 5.496864 
563.601722 5.496864 
564.230041 5.496864 
564.858359 5.496864 
565.486678 5.496864 
566.114996 5.496864 
566.743315 5.496864 
567.371633 5.496864 
567.999952 5.496864 
568.628270 5.496864 
569.256589 5.496864 
569.884907 5.496864 
570.513226 5.496864 
571.141544 5.496864 
571.769863 5.496864 
572.398181 5.496864 
573.026500 5.496864 
573.654819 5.496864 
574.283137 5.496864 
574.911456 5.496864 
575.539774 5.496864 
576.168093 5.496864 
576.796411 5.496864 
577.424730 5.496864 
578.053048 5.496864 
578.681367 5.496864 
579.309685 5.496864 
579.938004 5.496864 
580.566322 5.496864 
581.194641 5.496864 
581.822959 5.496864 
582.451278 5.496864 
583.079597 5.496864 
583.707915 5.496864 
584.336234 5.496864 
584.964552 5.496864 
585.592871 5.496864 
586.221189 5.496864 
586.849508 5.496864 
587.477826 5.496864 
588.106145 5.496864 
588.734463 5.496864 
589.362782 5.496864 
589.991100 5.496864 
590.619419 5.496864 
591.247737 5.496864 
591.876056 5.496864 
592.504374 5.496864 
593.132693 5.496864 
593.761012 5.496864 
594.389330 5.496864 
595.017649 5.496864 
595.645967 5.496864 
596.274286 5.496864 
596.902604 5.496864 
597.530923 5.496864 
598.159241 5.496864 
598.787560 5.496864 
599.415878 5.496864 
600.044197 5.496864 
600.672515 5.496864 
601.300834 5.496864 
601.929152 5.496864 
602.557471 5.496864 
603.185789 5.496864 
603.814108 5.496864 
604.442427 5.496864 
605.070745 5.496864 
605.699064 5.496864 
606.327382 5.496864 
606.955701 5.496864 
607.584019 5.496864 
608.212338 5.496864 
608.840656 5.496864 
609.468975 5.496864 
610.097293 5.496864 
610.725612 5.496864 
611.353930 5.496864 
611.982249 5.496864 
612.610567 5.496864 
613.238886 5.496864 
613.867205 5.496864 
614.495523 5.496864 
615.123842 5.496864 
615.752160 5.496864 
616.380479 5.496864 
617.008797 5.496864 
617.637116 5.498858 
618.265434 5.518044 
618.893753 5.537264 
619.522071 5.556517 
620.150390 5.575804 
620.778708 5.590851 
621.407027 5.590851 
622.035345 5.590851 
622.663664 5.590851 
623.291982 5.590851 
623.920301 5.590851 
624.548620 5.590851 
625.176938 5.590851 
625.805257 5.590851 
626.433575 5.590851 
627.061894 5.590851 
627.690212 5.590851 
628.318531 5.590851 
628.946849 5.590851 
629.575168 5.590851 
630.203486 5.590851 
630.831805 5.590851 
631.460123 5.590851 
632.088442 5.590851 
632.716760 5.590851 
633.345079 5.590851 
633.973397 5.590851 
634.601716 5.590851 
635.230035 5.590851 
635.858353 5.590851 
636.486672 5.590851 
637.114990 5.590851 
637.743309 5.590851 
638.371627 5.590851 
638.999946 5.590851 
639.628264 5.590851 
640.256583 5.590851 
640.884901 5.590851 
641.513220 5.590851 
642.141538 5.590851 
642.769857 5.590851 
643.398175 5.590851 
644.026494 5.590851 
644.654813 5.590851 
645.283131 5.590851 
645.911450 5.590851 
646.539768 5.590851 
647.168087 5.590851 
647.796405 5.590851 
648.424724 5.590851 
649.053042 5.590851 
649.681361 5.590851 
650.309679 5.590851 
650.937998 5.590851 
651.566316 5.590851 
652.194635 5.590851 
652.822953 5.590851 
653.451272 5.590851 
654.079590 5.590851 
654.707909 5.590851 
655.336228 5.590851 
655.964546 5.590851 
656.592865 5.590851 
657.221183 5.590851 
657.849502 5.590851 
658.477820 5.590851 
659.106139 5.590851 
659.734457 5.590851 
660.362776 5.590851 
660.991094 5.590851 
661.619413 5.590851 
662.247731 5.590851 
662.876050 5.590851 
663.504368 5.590851 
664.132687 5.590851 
664.761005 5.590851 
665.389324 5.590851 
666.017643 5.590851 
666.645961 5.590851 
667.274280 5.590851 
667.902598 5.590851 
668.530917 5.590851 
669.159235 5.590851 
669.787554 5.590851 
670.415872 5.590851 
671.044191 5.590851 
671.672509 5.590851 
672.300828 5.590851 
672.929146 5.590851 
673.557465 5.590851 
674.185783 5.590851 
674.814102 5.590851 
675.442421 5.590851 
676.070739 5.590851 
676.699058 5.590851 
677.327376 5.590851 
677.955695 5.590851 
678.584013 5.590851 
679.212332 5.590851 
679.840650 5.590851 
680.468969 5.590851 
681.097287 5.590851 
681.725606 5.590851 
682.353924 5.590851 
682.982243 5.590851 
683.610561 5.590851 
684.238880 5.590851 
684.867198 5.590851 
685.495517 5.590851 
686.123836 5.590851 
686.752154 5.606790 
687.380473 5.626164 
688.008791 5.645571 
688.637110 5.665011 
689.265428 5.684485 
689.893747 5.684856 
690.522065 5.684856 
691.150384 5.684856 
691.778702 5.684856 
692.407021 5.684856 
693.035339 5.684856 
693.663658 5.684856 
694.291976 5.684856 
694.920295 5.684856 
695.548614 5.684856 
696.176932 5.684856 
696.805251 5.684856 
697.433569 5.684856 
698.061888 5.684856 
698.690206 5.684856 
699.318525 5.684856 
699.946843 5.684856 
700.575162 5.684856 
701.203480 5.684856 
701.831799 5.684856 
702.460117 5.684856 
703.088436 5.684856 
703.716754 5.684856 
704.345073 5.684856 
704.973391 5.684856 
705.601710 5.684856 
706.230029 5.684856 
706.858347 5.684856 
707.486666 5.684856 
708.114984 5.684856 
708.743303 5.684856 
709.371621 5.684856 
709.999940 5.684856 
710.628258 5.684856 
711.256577 5.684856 
711.884895 5.684856 
712.513214 5.684856 
713.141532 5.684856 
713.769851 5.684856 
714.398169 5.684856 
715.026488 5.684856 
715.654806 5.684856 
716.283125 5.684856 
716.911444 5.684856 
717.539762 5.684856 
718.168081 5.684856 
718.796399 5.684856 
719.424718 5.684856 
720.053036 5.684856 
720.681355 5.684856 
721.309673 5.684856 
721.937992 5.684856 
722.566310 5.684856 
723.194629 5.684856 
723.822947 5.684856 
724.451266 5.684856 
725.079584 5.684856 
725.707903 5.684856 
726.336222 5.684856 
726.964540 5.684856 
727.592859 5.684856 
728.221177 5.684856 
728.849496 5.684856 
729.477814 5.684856 
730.106133 5.684856 
730.734451 5.684856 
731.362770 5.684856 
731.991088 5.684856 
732.619407 5.684856 
733.247725 5.684856 
733.876044 5.684856 
734.504362 5.684856 
735.132681 5.684856 
735.760999 5.684856 
736.389318 5.684856 
737.017637 5.684856 
737.645955 5.684856 
738.274274 5.684856 
738.902592 5.684856 
739.530911 5.684856 
740.159229 5.684856 
740.787548 5.684856 
741.415866 5.684856 
742.044185 5.684856 
742.672503 5.684856 
743.300822 5.684856 
743.929140 5.684856 
744.557459 5.684856 
745.185777 5.684856 
745.814096 5.684856 
746.442414 5.684856 
747.070733 5.684856 
747.699052 5.684856 
748.327370 5.684856 
748.955689 5.684856 
749.584007 5.684856 
750.212326 5.684856 
750.840644 5.684856 
751.468963 5.684856 
752.097281 5.684856 
752.725600 5.684856 
753.353918 5.684856 
753.982237 5.684856 
754.610555 5.684856 
755.238874 5.696244 
755.867192 5.715772 
756.495511 5.735332 
757.123830 5.754926 
757.752148 5.774554 
758.380467 5.778857 
759.008785 5.778857 
759.637104 5.778857 
760.265422 5.778857 
760.893741 5.778857 
761.522059 5.778857 
762.150378 5.778857 
762.778696 5.778857 
763.407015 5.778857 
764.035333 5.778857 
764.663652 5.778857 
765.291970 5.778857 
765.920289 5.778857 
766.548607 5.778857 
767.176926 5.778857 
767.805245 5.778857 
768.433563 5.778857 
769.061882 5.778857 
769.690200 5.778857 
770.318519 5.778857 
770.946837 5.778857 
771.575156 5.778857 
772.203474 5.778857 
772.831793 5.778857 
773.460111 5.778857 
774.088430 5.778857 
774.716748 5.778857 
775.345067 5.778857 
775.973385 5.778857 
776.601704 5.778857 
777.230022 5.778857 
777.858341 5.778857 
778.486660 5.778857 
779.114978 5.778857 
779.743297 5.778857 
780.371615 5.778857 
780.999934 5.778857 
781.628252 5.778857 
782.256571 5.778857 
782.884889 5.778857 
783.513208 5.778857 
784.141526 5.778857 
784.769845 5.778857 
785.398163 5.778857 
786.026482 5.778857 
786.654800 5.778857 
787.283119 5.778857 
787.911438 5.778857 
788.539756 5.778857 
789.168075 5.778857 
789.796393 5.778857 
790.424712 5.778857 
791.053030 5.778857 
791.681349 5.778857 
792.309667 5.778857 
792.937986 5.778857 
793.566304 5.778857 
794.194623 5.778857 
794.822941 5.778857 
795.451260 5.778857 
796.079578 5.778857 
796.707897 5.778857 
797.336215 5.778857 
797.964534 5.778857 
798.592853 5.778857 
799.221171 5.778857 
799.849490 5.778857 
800.477808 5.778857 
801.106127 5.778857 
801.734445 5.778857 
802.362764 5.778857 
802.991082 5.778857 
803.619401 5.778857 
804.247719 5.778857 
804.876038 5.778857 
805.504356 5.778857 
806.132675 5.778857 
806.760993 5.778857 
807.389312 5.778857 
808.017631 5.778857 
808.645949 5.778857 
809.274268 5.778857 
809.902586 5.778857 
810.530905 5.778857 
811.159223 5.778857 
811.787542 5.778857 
812.415860 5.778857 
813.044179 5.778857 
813.672497 5.778857 
814.300816 5.778857 
814.929134 5.778857 
815.557453 5.778857 
816.185771 5.778857 
816.814090 5.778857 
817.442408 5.778857 
818.070727 5.778857 
818.699046 5.778857 
819.327364 5.778857 
819.955683 5.778857 
820.584001 5.778857 
821.212320 5.778857 
821.840638 5.778857 
822.468957 5.778857 
823.097275 5.778857 
823.725594 5.786406 
824.353912 5.806087 
824.982231 5.825802 
825.610549 5.845550 
826.238868 5.865331 
826.867186 5.872857 
827.495505 5.872857 
828.123823 5.872857 
828.752142 5.872857 
829.380461 5.872857 
830.008779 5.872857 
830.637098 5.872857 
831.265416 5.872857 
831.893735 5.872857 
832.522053 5.872857 
833.150372 5.872857 
833.778690 5.872857 
834.407009 5.872857 
835.035327 5.872857 
835.663646 5.872857 
836.291964 5.872857 
836.920283 5.872857 
837.548601 5.872857 
838.176920 5.872857 
838.805239 5.872857 
839.433557 5.872857 
840.061876 5.872857 
840.690194 5.872857 
841.318513 5.872857 
841.946831 5.872857 
842.575150 5.872857 
843.203468 5.872857 
843.831787 5.872857 
844.460105 5.872857 
845.088424 5.872857 
845.716742 5.872857 
846.345061 5.872857 
846.973379 5.872857 
847.601698 5.872857 
848.230016 5.872857 
848.858335 5.872857 
849.486654 5.872857 
850.114972 5.872857 
850.743291 5.872857 
851.371609 5.872857 
851.999928 5.872857 
852.628246 5.872857 
853.256565 5.872857 
853.884883 5.872857 
854.513202 5.872857 
855.141520 5.872857 
855.769839 5.872857 
856.398157 5.872857 
857.026476 5.872857 
857.654794 5.872857 
858.283113 5.872857 
858.911431 5.872857 
859.539750 5.872857 
860.168069 5.872857 
860.796387 5.872857 
861.424706 5.872857 
862.053024 5.872857 
862.681343 5.872857 
863.309661 5.872857 
863.937980 5.872857 
864.566298 5.872857 
865.194617 5.872857 
865.822935 5.872857 
866.451254 5.872857 
867.079572 5.872857 
867.707891 5.872857 
868.336209 5.872857 
868.964528 5.872857 
869.592847 5.872857 
870.221165 5.872857 
870.849484 5.872857 
871.477802 5.872857 
872.106121 5.872857 
872.734439 5.872857 
873.362758 5.872857 
873.991076 5.872857 
874.619395 5.872857 
875.247713 5.872857 
875.876032 5.872857 
876.504350 5.872857 
877.132669 5.872857 
877.760987 5.872857 
878.389306 5.872857 
879.017624 5.872857 
879.645943 5.872857 
880.274262 5.872857 
880.902580 5.872857 
881.530899 5.872857 
882.159217 5.872857 
882.787536 5.872857 
883.415854 5.872857 
884.044173 5.872857 
884.672491 5.872857 
885.300810 5.872857 
885.929128 5.872857 
886.557447 5.872857 
887.185765 5.872857 
887.814084 5.872857 
888.442402 5.872857 
889.070721 5.872857 
889.699039 5.872857 
890.327358 5.872857 
890.955677 5.872857 
891.583995 5.872857 
892.212314 5.877275 
892.840632 5.897111 
893.468951 5.916980 
894.097269 5.936881 
894.725588 5.956817 
895.353906 5.966856 
895.982225 5.966856 
896.610543 5.966856 
897.238862 5.966856 
897.867180 5.966856 
898.495499 5.966856 
899.123817 5.966856 
899.752136 5.966856 
900.380455 5.966856 
901.008773 5.966856 
901.637092 5.966856 
902.265410 5.966856 
902.893729 5.966856 
903.522047 5.966856 
904.150366 5.966856 
904.778684 5.966856 
905.407003 5.966856 
906.035321 5.966856 
906.663640 5.966856 
907.291958 5.966856 
907.920277 5.966856 
908.548595 5.966856 
909.176914 5.966856 
909.805232 5.966856 
910.433551 5.966856 
911.061870 5.966856 
911.690188 5.966856 
912.318507 5.966856 
912.946825 5.966856 
913.575144 5.966856 
914.203462 5.966856 
914.831781 5.966856 
915.460099 5.966856 
916.088418 5.966856 
916.716736 5.966856 
917.345055 5.966856 
917.973373 5.966856 
918.601692 5.966856 
919.230010 5.966856 
919.858329 5.966856 
920.486648 5.966856 
921.114966 5.966856 
921.743285 5.966856 
922.371603 5.966856 
922.999922 5.966856 
923.628240 5.966856 
924.256559 5.966856 
924.884877 5.966856 
925.513196 5.966856 
926.141514 5.966856 
926.769833 5.966856 
927.398151 5.966856 
928.026470 5.966856 
928.654788 5.966856 
929.283107 5.966856 
929.911425 5.966856 
930.539744 5.966856 
931.168063 5.966856 
931.796381 5.966856 
932.424700 5.966856 
933.053018 5.966856 
933.681337 5.966856 
934.309655 5.966856 
934.937974 5.966856 
935.566292 5.966856 
936.194611 5.966856 
936.822929 5.966856 
937.451248 5.966856 
938.079566 5.966856 
938.707885 5.966856 
939.336203 5.966856 
939.964522 5.966856 
940.592840 5.966856 
941.221159 5.966856 
941.849478 5.966856 
942.477796 5.966856 
943.106115 5.966856 
943.734433 5.966856 
944.362752 5.966856 
944.991070 5.966856 
945.619389 5.966856 
946.247707 5.966856 
946.876026 5.966856 
947.504344 5.966856 
948.132663 5.966856 
948.760981 5.966856 
949.389300 5.966856 
950.017618 5.966856 
950.645937 5.966856 
951.274256 5.966856 
951.902574 5.966856 
952.530893 5.966856 
953.159211 5.966856 
953.787530 5.966856 
954.415848 5.966856 
955.044167 5.966856 
955.672485 5.966856 
956.300804 5.966856 
956.929122 5.966856 
957.557441 5.966856 
958.185759 5.966856 
958.814078 5.966856 
959.442396 5.966856 
960.070715 5.966856 
960.699033 5.968853 
961.327352 5.988842 
961.955671 6.008865 
962.583989 6.028920 
963.212308 6.049010 
963.840626 6.060857 
964.468945 6.060857 
965.097263 6.060857 
965.725582 6.060857 
966.353900 6.060857 
966.982219 6.060857 
967.610537 6.060857 
968.238856 6.060857 
968.867174 6.060857 
969.495493 6.060857 
970.123811 6.060857 
970.752130 6.060857 
971.380448 6.060857 
972.008767 6.060857 
972.637086 6.060857 
973.265404 6.060857 
973.893723 6.060857 
974.522041 6.060857 
975.150360 6.060857 
975.778678 6.060857 
976.406997 6.060857 
977.035315 6.060857 
977.663634 6.060857 
978.291952 6.060857 
978.920271 6.060857 
979.548589 6.060857 
980.176908 6.060857 
980.805226 6.060857 
981.433545 6.060857 
982.061864 6.060857 
982.690182 6.060857 
983.318501 6.060857 
983.946819 6.060857 
984.575138 6.060857 
985.203456 6.060857 
985.831775 6.060857 
986.460093 6.060857 
987.088412 6.060857 
987.716730 6.060857 
988.345049 6.060857 
988.973367 6.060857 
989.601686 6.060857 
990.230004 6.060857 
990.858323 6.060857 
991.486641 6.060857 
992.114960 6.060857 
992.743279 6.060857 
993.371597 6.060857 
993.999916 6.060857 
994.628234 6.060857 
995.256553 6.060857 
995.884871 6.060857 
996.513190 6.060857 
997.141508 6.060857 
997.769827 6.060857 
998.398145 6.060857 
999.026464 6.060857 
999.654782 6.060857 
1000.283101 6.060857 
1000.911419 6.060857 
1001.539738 6.060857 
1002.168056 6.060857 
1002.796375 6.060857 
1003.424694 6.060857 
1004.053012 6.060857 
1004.681331 6.060857 
1005.309649 6.060857 
1005.937968 6.060857 
1006.566286 6.060857 
1007.194605 6.060857 
1007.822923 6.060857 
1008.451242 6.060857 
1009.079560 6.060857 
1009.707879 6.060857 
1010.336197 6.060857 
1010.964516 6.060857 
1011.592834 6.060857 
1012.221153 6.060857 
1012.849472 6.060857 
1013.477790 6.060857 
1014.106109 6.060857 
1014.734427 6.060857 
1015.362746 6.060857 
1015.991064 6.060857 
1016.619383 6.060857 
1017.247701 6.060857 
1017.876020 6.060857 
1018.504338 6.060857 
1019.132657 6.060857 
1019.760975 6.060857 
1020.389294 6.060857 
1021.017612 6.060857 
1021.645931 6.060857 
1022.274249 6.060857 
1022.902568 6.060857 
1023.530887 6.060857 
1024.159205 6.060857 
1024.787524 6.060857 
1025.415842 6.060857 
1026.044161 6.060857 
1026.672479 6.060857 
1027.300798 6.060857 
1027.929116 6.060857 
1028.557435 6.060857 
1029.185753 6.061139 
1029.814072 6.081282 
1030.442390 6.101459 
1031.070709 6.121667 
1031.699027 6.141911 
1032.327346 6.154864 
1032.955665 6.154864 
1033.583983 6.154864 
1034.212302 6.154864 
1034.840620 6.154864 
1035.468939 6.154864 
1036.097257 6.154864 
1036.725576 6.154864 
1037.353894 6.154864 
1037.982213 6.154864 
1038.610531 6.154864 
1039.238850 6.154864 
1039.867168 6.154864 
1040.495487 6.154864 
1041.123805 6.154864 
1041.752124 6.154864 
1042.380442 6.154864 
1043.008761 6.154864 
1043.637080 6.154864 
1044.265398 6.154864 
1044.893717 6.154864 
1045.522035 6.154864 
1046.150354 6.154864 
1046.778672 6.154864 
1047.406991 6.154864 
1048.035309 6.154864 
1048.663628 6.154864 
1049.291946 6.154864 
1049.920265 6.154864 
1050.548583 6.154864 
1051.176902 6.154864 
1051.805220 6.154864 
1052.433539 6.154864 
1053.061857 6.154864 
1053.690176 6.154864 
1054.318495 6.154864 
1054.946813 6.154864 
1055.575132 6.154864 
1056.203450 6.154864 
1056.831769 6.154864 
1057.460087 6.154864 
1058.088406 6.154864 
1058.716724 6.154864 
1059.345043 6.154864 
1059.973361 6.154864 
1060.601680 6.154864 
1061.229998 6.154864 
1061.858317 6.154864 
1062.486635 6.154864 
1063.114954 6.154864 
1063.743273 6.154864 
1064.371591 6.154864 
1064.999910 6.154864 
1065.628228 6.154864 
1066.256547 6.154864 
1066.884865 6.154864 
1067.513184 6.154864 
1068.141502 6.154864 
1068.769821 6.154864 
1069.398139 6.154864 
1070.026458 6.154864 
1070.654776 6.154864 
1071.283095 6.154864 
1071.911413 6.154864 
1072.539732 6.154864 
1073.168050 6.154864 
1073.796369 6.154864 
1074.424688 6.154864 
1075.053006 6.154864 
1075.681325 6.154864 
1076.309643 6.154864 
1076.937962 6.154864 
1077.566280 6.154864 
1078.194599 6.154864 
1078.822917 6.154864 
1079.451236 6.154864 
1080.079554 6.154864 
1080.707873 6.154864 
1081.336191 6.154864 
1081.964510 6.154864 
1082.592828 6.154864 
1083.221147 6.154864 
1083.849465 6.154864 
1084.477784 6.154864 
1085.106103 6.154864 
1085.734421 6.154864 
1086.362740 6.154864 
1086.991058 6.154864 
1087.619377 6.154864 
1088.247695 6.154864 
1088.876014 6.154864 
1089.504332 6.154864 
1090.132651 6.154864 
1090.760969 6.154864 
1091.389288 6.154864 
1092.017606 6.154864 
1092.645925 6.154864 
1093.274243 6.154864 
1093.902562 6.154864 
1094.530881 6.154864 
1095.159199 6.154864 
1095.787518 6.154864 
1096.415836 6.154864 
1097.044155 6.154864 
1097.672473 6.154864 
1098.300792 6.174429 
1098.929110 6.194760 
1099.557429 6.215122 
1100.185747 6.235520 
1100.814066 6.248857 
1101.442384 6.248857 
1102.070703 6.248857 
1102.699021 6.248857 
1103.327340 6.248857 
1103.955658 6.248857 
1104.583977 6.248857 
1105.212296 6.248857 
1105.840614 6.248857 
1106.468933 6.248857 
1107.097251 6.248857 
1107.725570 6.248857 
1108.353888 6.248857 
1108.982207 6.248857 
1109.610525 6.248857 
1110.238844 6.248857 
1110.867162 6.248857 
1111.495481 6.248857 
1112.123799 6.248857 
1112.752118 6.248857 
1113.380436 6.248857 
1114.008755 6.248857 
1114.637073 6.248857 
1115.265392 6.248857 
1115.893711 6.248857 
1116.522029 6.248857 
1117.150348 6.248857 
1117.778666 6.248857 
1118.406985 6.248857 
1119.035303 6.248857 
1119.663622 6.248857 
1120.291940 6.248857 
1120.920259 6.248857 
1121.548577 6.248857 
1122.176896 6.248857 
1122.805214 6.248857 
1123.433533 6.248857 
1124.061851 6.248857 
1124.690170 6.248857 
1125.318489 6.248857 
1125.946807 6.248857 
1126.575126 6.248857 
1127.203444 6.248857 
1127.831763 6.248857 
1128.460081 6.248857 
1129.088400 6.248857 
1129.716718 6.248857 
1130.345037 6.248857 
1130.973355 6.248857 
1131.601674 6.248857 
1132.229992 6.248857 
1132.858311 6.248857 
1133.486629 6.248857 
1134.114948 6.248857 
1134.743266 6.248857 
1135.371585 6.248857 
1135.999904 6.248857 
1136.628222 6.248857 
1137.256541 6.248857 
1137.884859 6.248857 
1138.513178 6.248857 
1139.141496 6.248857 
1139.769815 6.248857 
1140.398133 6.248857 
1141.026452 6.248857 
1141.654770 6.248857 
1142.283089 6.248857 
1142.911407 6.248857 
1143.539726 6.248857 
1144.168044 6.248857 
1144.796363 6.248857 
1145.424681 6.248857 
1146.053000 6.248857 
1146.681319 6.248857 
1147.309637 6.248857 
1147.937956 6.248857 
1148.566274 6.248857 
1149.194593 6.248857 
1149.822911 6.248857 
1150.451230 6.248857 
1151.079548 6.248857 
1151.707867 6.248857 
1152.336185 6.248857 
1152.964504 6.248857 
1153.592822 6.248857 
1154.221141 6.248857 
1154.849459 6.248857 
1155.477778 6.248857 
1156.106097 6.248857 
1156.734415 6.248857 
1157.362734 6.248857 
1157.991052 6.248857 
1158.619371 6.248857 
1159.247689 6.248857 
1159.876008 6.248857 
1160.504326 6.248857 
1161.132645 6.248857 
1161.760963 6.248857 
1162.389282 6.248857 
1163.017600 6.248857 
1163.645919 6.248857 
1164.274237 6.248857 
1164.902556 6.248857 
1165.530874 6.248857 
1166.159193 6.248857 
1166.787512 6.268305 
1167.415830 6.288789 
1168.044149 6.309306 
1168.672467 6.329857 
1169.300786 6.342862 
1169.929104 6.342862 
1170.557423 6.342862 
1171.185741 6.342862 
1171.814060 6.342862 
1172.442378 6.342862 
1173.070697 6.342862 
1173.699015 6.342862 
1174.327334 6.342862 
1174.955652 6.342862 
1175.583971 6.342862 
1176.212290 6.342862 
1176.840608 6.342862 
1177.468927 6.342862 
1178.097245 6.342862 
1178.725564 6.342862 
1179.353882 6.342862 
1179.982201 6.342862 
1180.610519 6.342862 
1181.238838 6.342862 
1181.867156 6.342862 
1182.495475 6.342862 
1183.123793 6.342862 
1183.752112 6.342862 
1184.380430 6.342862 
1185.008749 6.342862 
1185.637067 6.342862 
1186.265386 6.342862 
1186.893705 6.342862 
1187.522023 6.342862 
1188.150342 6.342862 
1188.778660 6.342862 
1189.406979 6.342862 
1190.035297 6.342862 
1190.663616 6.342862 
1191.291934 6.342862 
1191.920253 6.342862 
1192.548571 6.342862 
1193.176890 6.342862 
1193.805208 6.342862 
1194.433527 6.342862 
1195.061845 6.342862 
1195.690164 6.342862 
1196.318482 6.342862 
1196.946801 6.342862 
1197.575120 6.342862 
1198.203438 6.342862 
1198.831757 6.342862 
1199.460075 6.342862 
1200.088394 6.342862 
1200.716712 6.342862 
1201.345031 6.342862 
1201.973349 6.342862 
1202.601668 6.342862 
1203.229986 6.342862 
1203.858305 6.342862 
1204.486623 6.342862 
1205.114942 6.342862 
1205.743260 6.342862 
1206.371579 6.342862 
1206.999898 6.342862 
1207.628216 6.342862 
1208.256535 6.342862 
1208.884853 6.342862 
1209.513172 6.342862 
1210.141490 6.342862 
1210.769809 6.342862 
1211.398127 6.342862 
1212.026446 6.342862 
1212.654764 6.342862 
1213.283083 6.342862 
1213.911401 6.342862 
1214.539720 6.342862 
1215.168038 6.342862 
1215.796357 6.342862 
1216.424675 6.342862 
1217.052994 6.342862 
1217.681313 6.342862 
1218.309631 6.342862 
1218.937950 6.342862 
1219.566268 6.342862 
1220.194587 6.342862 
1220.822905 6.342862 
1221.451224 6.342862 
1222.079542 6.342862 
1222.707861 6.342862 
1223.336179 6.342862 
1223.964498 6.342862 
1224.592816 6.342862 
1225.221135 6.342862 
1225.849453 6.342862 
1226.477772 6.342862 
1227.106090 6.342862 
1227.734409 6.342862 
1228.362728 6.342862 
1228.991046 6.342862 
1229.619365 6.342862 
1230.247683 6.342862 
1230.876002 6.342862 
1231.504320 6.342862 
1232.132639 6.342862 
1232.760957 6.342862 
1233.389276 6.342862 
1234.017594 6.342862 
1234.645913 6.342862 
1235.274231 6.362848 
1235.902550 6.383486 
1236.530868 6.404156 
1237.159187 6.424861 
1237.787506 6.436864 
1238.415824 6.436864 
1239.044143 6.436864 
1239.672461 6.436864 
1240.300780 6.436864 
1240.929098 6.436864 
1241.557417 6.436864 
1242.185735 6.436864 
1242.814054 6.436864 
1243.442372 6.436864 
1244.070691 6.436864 
1244.699009 6.436864 
1245.327328 6.436864 
1245.955646 6.436864 
1246.583965 6.436864 
1247.212283 6.436864 
1247.840602 6.436864 
1248.468921 6.436864 
1249.097239 6.436864 
1249.725558 6.436864 
1250.353876 6.436864 
1250.982195 6.436864 
1251.610513 6.436864 
1252.238832 6.436864 
1252.867150 6.436864 
1253.495469 6.436864 
1254.123787 6.436864 
1254.752106 6.436864 
1255.380424 6.436864 
1256.008743 6.436864 
1256.637061 6.436864 
1257.265380 6.436864 
1257.893698 6.436864 
1258.522017 6.436864 
1259.150336 6.436864 
1259.778654 6.436864 
1260.406973 6.436864 
1261.035291 6.436864 
1261.663610 6.436864 
1262.291928 6.436864 
1262.920247 6.436864 
1263.548565 6.436864 
1264.176884 6.436864 
1264.805202 6.436864 
1265.433521 6.436864 
1266.061839 6.436864 
1266.690158 6.436864 
1267.318476 6.436864 
1267.946795 6.436864 
1268.575114 6.436864 
1269.203432 6.436864 
1269.831751 6.436864 
1270.460069 6.436864 
1271.088388 6.436864 
1271.716706 6.436864 
1272.345025 6.436864 
1272.973343 6.436864 
1273.601662 6.436864 
1274.229980 6.436864 
1274.858299 6.436864 
1275.486617 6.436864 
1276.114936 6.436864 
1276.743254 6.436864 
1277.371573 6.436864 
1277.999891 6.436864 
1278.628210 6.436864 
1279.256529 6.436864 
1279.884847 6.436864 
1280.513166 6.436864 
1281.141484 6.436864 
1281.769803 6.436864 
1282.398121 6.436864 
1283.026440 6.436864 
1283.654758 6.436864 
1284.283077 6.436864 
1284.911395 6.436864 
1285.539714 6.436864 
1286.168032 6.436864 
1286.796351 6.436864 
1287.424669 6.436864 
1288.052988 6.436864 
1288.681307 6.436864 
1289.309625 6.436864 
1289.937944 6.436864 
1290.566262 6.436864 
1291.194581 6.436864 
1291.822899 6.436864 
1292.451218 6.436864 
1293.079536 6.436864 
1293.707855 6.436864 
1294.336173 6.436864 
1294.964492 6.436864 
1295.592810 6.436864 
1296.221129 6.436864 
1296.849447 6.436864 
1297.477766 6.436864 
1298.106084 6.436864 
1298.734403 6.436864 
1299.362722 6.436864 
1299.991040 6.436864 
1300.619359 6.436864 
1301.247677 6.436864 
1301.875996 6.436864 
1302.504314 6.436864 
1303.132633 6.437383 
1303.760951 6.458140 
1304.389270 6.478932 
1305.017588 6.499756 
1305.645907 6.520615 
1306.274225 6.530847 
1306.902544 6.530847 
1307.530862 6.530847 
1308.159181 6.530847 
1308.787499 6.530847 
1309.415818 6.530847 
1310.044137 6.530847 
1310.672455 6.530847 
1311.300774 6.530847 
1311.929092 6.530847 
1312.557411 6.530847 
1313.185729 6.530847 
1313.814048 6.530847 
1314.442366 6.530847 
1315.070685 6.530847 
1315.699003 6.530847 
1316.327322 6.530847 
1316.955640 6.530847 
1317.583959 6.530847 
1318.212277 6.530847 
1318.840596 6.530847 
1319.468915 6.530847 
1320.097233 6.530847 
1320.725552 6.530847 
1321.353870 6.530847 
1321.982189 6.530847 
1322.610507 6.530847 
1323.238826 6.530847 
1323.867144 6.530847 
1324.495463 6.530847 
1325.123781 6.530847 
1325.752100 6.530847 
1326.380418 6.530847 
1327.008737 6.530847 
1327.637055 6.530847 
1328.265374 6.530847 
1328.893692 6.530847 
1329.522011 6.530847 
1330.150330 6.530847 
1330.778648 6.530847 
1331.406967 6.530847 
1332.035285 6.530847 
1332.663604 6.530847 
1333.291922 6.530847 
1333.920241 6.530847 
1334.548559 6.530847 
1335.176878 6.530847 
1335.805196 6.530847 
1336.433515 6.530847 
1337.061833 6.530847 
1337.690152 6.530847 
1338.318470 6.530847 
1338.946789 6.530847 
1339.575107 6.530847 
1340.203426 6.530847 
1340.831745 6.530847 
1341.460063 6.530847 
1342.088382 6.530847 
1342.716700 6.530847 
1343.345019 6.530847 
1343.973337 6.530847 
1344.601656 6.530847 
1345.229974 6.530847 
1345.858293 6.530847 
1346.486611 6.530847 
1347.114930 6.530847 
1347.743248 6.530847 
1348.371567 6.530847 
1348.999885 6.530847 
1349.628204 6.530847 
1350.256523 6.530847 
1350.884841 6.530847 
1351.513160 6.530847 
1352.141478 6.530847 
1352.769797 6.530847 
1353.398115 6.530847 
1354.026434 6.530847 
1354.654752 6.530847 
1355.283071 6.530847 
1355.911389 6.530847 
1356.539708 6.530847 
1357.168026 6.530847 
1357.796345 6.530847 
1358.424663 6.530847 
1359.052982 6.530847 
1359.681300 6.530847 
1360.309619 6.530847 
1360.937938 6.530847 
1361.566256 6.530847 
1362.194575 6.530847 
1362.822893 6.530847 
1363.451212 6.530847 
1364.079530 6.530847 
1364.707849 6.530847 
1365.336167 6.530847 
1365.964486 6.530847 
1366.592804 6.530847 
1367.221123 6.530847 
1367.849441 6.530847 
1368.477760 6.530847 
1369.106078 6.530847 
1369.734397 6.530847 
1370.362715 6.530847 
1370.991034 6.530847 
1371.619353 6.533209 
1372.247671 6.554120 
1372.875990 6.575065 
1373.504308 6.596043 
1374.132627 6.617056 
1374.760945 6.624859 
1375.389264 6.624859 
1376.017582 6.624859 
1376.645901 6.624859 
1377.274219 6.624859 
1377.902538 6.624859 
1378.530856 6.624859 
1379.159175 6.624859 
1379.787493 6.624859 
1380.415812 6.624859 
1381.044131 6.624859 
1381.672449 6.624859 
1382.300768 6.624859 
1382.929086 6.624859 
1383.557405 6.624859 
1384.185723 6.624859 
1384.814042 6.624859 
1385.442360 6.624859 
1386.070679 6.624859 
1386.698997 6.624859 
1387.327316 6.624859 
1387.955634 6.624859 
1388.583953 6.624859 
1389.212271 6.624859 
1389.840590 6.624859 
1390.468908 6.624859 
1391.097227 6.624859 
1391.725546 6.624859 
1392.353864 6.624859 
1392.982183 6.624859 
1393.610501 6.624859 
1394.238820 6.624859 
1394.867138 6.624859 
1395.495457 6.624859 
1396.123775 6.624859 
1396.752094 6.624859 
1397.380412 6.624859 
1398.008731 6.624859 
1398.637049 6.624859 
1399.265368 6.624859 
1399.893686 6.624859 
1400.522005 6.624859 
1401.150324 6.624859 
1401.778642 6.624859 
1402.406961 6.624859 
1403.035279 6.624859 
1403.663598 6.624859 
1404.291916 6.624859 
1404.920235 6.624859 
1405.548553 6.624859 
1406.176872 6.624859 
1406.805190 6.624859 
1407.433509 6.624859 
1408.061827 6.624859 
1408.690146 6.624859 
1409.318464 6.624859 
1409.946783 6.624859 
1410.575101 6.624859 
1411.203420 6.624859 
1411.831739 6.624859 
1412.460057 6.624859 
1413.088376 6.624859 
1413.716694 6.624859 
1414.345013 6.624859 
1414.973331 6.624859 
1415.601650 6.624859 
1416.229968 6.624859 
1416.858287 6.624859 
1417.486605 6.624859 
1418.114924 6.624859 
1418.743242 6.624859 
1419.371561 6.624859 
1419.999879 6.624859 
1420.628198 6.624859 
1421.256516 6.624859 
1421.884835 6.624859 
1422.513154 6.624859 
1423.141472 6.624859 
1423.769791 6.624859 
1424.398109 6.624859 
1425.026428 6.624859 
1425.654746 6.624859 
1426.283065 6.624859 
1426.911383 6.624859 
1427.539702 6.624859 
1428.168020 6.624859 
1428.796339 6.624859 
1429.424657 6.624859 
1430.052976 6.624859 
1430.681294 6.624859 
1431.309613 6.624859 
1431.937932 6.624859 
1432.566250 6.624859 
1433.194569 6.624859 
1433.822887 6.624859 
1434.451206 6.624859 
1435.079524 6.624859 
1435.707843 6.624859 
1436.336161 6.624859 
1436.964480 6.624859 
1437.592798 6.624859 
1438.221117 6.624859 
1438.849435 6.624859 
1439.477754 6.624859 
1440.106072 6.629720 
1440.734391 6.650786 
1441.362709 6.671886 
1441.991028 6.693017 
1442.619347 6.714183 
1443.247665 6.718866 
1443.875984 6.718866 
1444.504302 6.718866 
1445.132621 6.718866 
1445.760939 6.718866 
1446.389258 6.718866 
1447.017576 6.718866 
1447.645895 6.718866 
1448.274213 6.718866 
1448.902532 6.718866 
1449.530850 6.718866 
1450.159169 6.718866 
1450.787487 6.718866 
1451.415806 6.718866 
1452.044124 6.718866 
1452.672443 6.718866 
1453.300762 6.718866 
1453.929080 6.718866 
1454.557399 6.718866 
1455.185717 6.718866 
1455.814036 6.718866 
1456.442354 6.718866 
1457.070673 6.718866 
1457.698991 6.718866 
1458.327310 6.718866 
1458.955628 6.718866 
1459.583947 6.718866 
1460.212265 6.718866 
1460.840584 6.718866 
1461.468902 6.718866 
1462.097221 6.718866 
1462.725540 6.718866 
1463.353858 6.718866 
1463.982177 6.718866 
1464.610495 6.718866 
1465.238814 6.718866 
1465.867132 6.718866 
1466.495451 6.718866 
1467.123769 6.718866 
1467.752088 6.718866 
1468.380406 6.718866 
1469.008725 6.718866 
1469.637043 6.718866 
1470.265362 6.718866 
1470.893680 6.718866 
1471.521999 6.718866 
1472.150317 6.718866 
1472.778636 6.718866 
1473.406955 6.718866 
1474.035273 6.718866 
1474.663592 6.718866 
1475.291910 6.718866 
1475.920229 6.718866 
1476.548547 6.718866 
1477.176866 6.718866 
1477.805184 6.718866 
1478.433503 6.718866 
1479.061821 6.718866 
1479.690140 6.718866 
1480.318458 6.718866 
1480.946777 6.718866 
1481.575095 6.718866 
1482.203414 6.718866 
1482.831732 6.718866 
1483.460051 6.718866 
1484.088370 6.718866 
1484.716688 6.718866 
1485.345007 6.718866 
1485.973325 6.718866 
1486.601644 6.718866 
1487.229962 6.718866 
1487.858281 6.718866 
1488.486599 6.718866 
1489.114918 6.718866 
1489.743236 6.718866 
1490.371555 6.718866 
1490.999873 6.718866 
1491.628192 6.718866 
1492.256510 6.718866 
1492.884829 6.718866 
1493.513148 6.718866 
1494.141466 6.718866 
1494.769785 6.718866 
1495.398103 6.718866 
1496.026422 6.718866 
1496.654740 6.718866 
1497.283059 6.718866 
1497.911377 6.718866 
1498.539696 6.718866 
1499.168014 6.718866 
1499.796333 6.718866 
1500.424651 6.718866 
1501.052970 6.718866 
1501.681288 6.718866 
1502.309607 6.718866 
1502.937925 6.718866 
1503.566244 6.718866 
1504.194563 6.718866 
1504.822881 6.718866 
1505.451200 6.718866 
1506.079518 6.718866 
1506.707837 6.718866 
1507.336155 6.718866 
1507.964474 6.718866 
1508.592792 6.726984 
1509.221111 6.748203 
1509.849429 6.769456 
1510.477748 6.790741 
1511.106066 6.812061 
1511.734385 6.812850 
1512.362703 6.812850 
1512.991022 6.812850 
1513.619340 6.812850 
1514.247659 6.812850 
1514.875978 6.812850 
1515.504296 6.812850 
1516.132615 6.812850 
1516.760933 6.812850 
1517.389252 6.812850 
1518.017570 6.812850 
1518.645889 6.812850 
1519.274207 6.812850 
1519.902526 6.812850 
1520.530844 6.812850 
1521.159163 6.812850 
1521.787481 6.812850 
1522.415800 6.812850 
1523.044118 6.812850 
1523.672437 6.812850 
1524.300756 6.812850 
1524.929074 6.812850 
1525.557393 6.812850 
1526.185711 6.812850 
1526.814030 6.812850 
1527.442348 6.812850 
1528.070667 6.812850 
1528.698985 6.812850 
1529.327304 6.812850 
1529.955622 6.812850 
1530.583941 6.812850 
1531.212259 6.812850 
1531.840578 6.812850 
1532.468896 6.812850 
1533.097215 6.812850 
1533.725533 6.812850 
1534.353852 6.812850 
1534.982171 6.812850 
1535.610489 6.812850 
1536.238808 6.812850 
1536.867126 6.812850 
1537.495445 6.812850 
1538.123763 6.812850 
1538.752082 6.812850 
1539.380400 6.812850 
1540.008719 6.812850 
1540.637037 6.812850 
1541.265356 6.812850 
1541.893674 6.812850 
1542.521993 6.812850 
1543.150311 6.812850 
1543.778630 6.812850 
1544.406949 6.812850 
1545.035267 6.812850 
1545.663586 6.812850 
1546.291904 6.812850 
1546.920223 6.812850 
1547.548541 6.812850 
1548.176860 6.812850 
1548.805178 6.812850 
1549.433497 6.812850 
1550.061815 6.812850 
1550.690134 6.812850 
1551.318452 6.812850 
1551.946771 6.812850 
1552.575089 6.812850 
1553.203408 6.812850 
1553.831726 6.812850 
1554.460045 6.812850 
1555.088364 6.812850 
1555.716682 6.812850 
1556.345001 6.812850 
1556.973319 6.812850 
1557.601638 6.812850 
1558.229956 6.812850 
1558.858275 6.812850 
1559.486593 6.812850 
1560.114912 6.812850 
1560.743230 6.812850 
1561.371549 6.812850 
1561.999867 6.812850 
1562.628186 6.812850 
1563.256504 6.812850 
1563.884823 6.812850 
1564.513141 6.812850 
1565.141460 6.812850 
1565.769779 6.812850 
1566.398097 6.812850 
1567.026416 6.812850 
1567.654734 6.812850 
1568.283053 6.812850 
1568.911371 6.812850 
1569.539690 6.812850 
1570.168008 6.812850 
1570.796327 6.812850 
1571.424645 6.812850 
1572.052964 6.812850 
1572.681282 6.812850 
1573.309601 6.812850 
1573.937919 6.812850 
1574.566238 6.812850 
1575.194557 6.812850 
1575.822875 6.812850 
1576.451194 6.812850 
1577.079512 6.824934 
1577.707831 6.846306 
1578.336149 6.867713 
1578.964468 6.889154 
1579.592786 6.906845 
1580.221105 6.906845 
1580.849423 6.906845 
1581.477742 6.906845 
1582.106060 6.906845 
1582.734379 6.906845 
1583.362697 6.906845 
1583.991016 6.906845 
1584.619334 6.906845 
1585.247653 6.906845 
1585.875972 6.906845 
1586.504290 6.906845 
1587.132609 6.906845 
1587.760927 6.906845 
1588.389246 6.906845 
1589.017564 6.906845 
1589.645883 6.906845 
1590.274201 6.906845 
1590.902520 6.906845 
1591.530838 6.906845 
1592.159157 6.906845 
1592.787475 6.906845 
1593.415794 6.906845 
1594.044112 6.906845 
1594.672431 6.906845 
1595.300749 6.906845 
1595.929068 6.906845 
1596.557387 6.906845 
1597.185705 6.906845 
1597.814024 6.906845 
1598.442342 6.906845 
1599.070661 6.906845 
1599.698979 6.906845 
1600.327298 6.906845 
1600.955616 6.906845 
1601.583935 6.906845 
1602.212253 6.906845 
1602.840572 6.906845 
1603.468890 6.906845 
1604.097209 6.906845 
1604.725527 6.906845 
1605.353846 6.906845 
1605.982165 6.906845 
1606.610483 6.906845 
1607.238802 6.906845 
1607.867120 6.906845 
1608.495439 6.906845 
1609.123757 6.906845 
1609.752076 6.906845 
1610.380394 6.906845 
1611.008713 6.906845 
1611.637031 6.906845 
1612.265350 6.906845 
1612.893668 6.906845 
1613.521987 6.906845 
1614.150305 6.906845 
1614.778624 6.906845 
1615.406942 6.906845 
1616.035261 6.906845 
1616.663580 6.906845 
1617.291898 6.906845 
1617.920217 6.906845 
1618.548535 6.906845 
1619.176854 6.906845 
1619.805172 6.906845 
1620.433491 6.906845 
1621.061809 6.906845 
1621.690128 6.906845 
1622.318446 6.906845 
1622.946765 6.906845 
1623.575083 6.906845 
1624.203402 6.906845 
1624.831720 6.906845 
1625.460039 6.906845 
1626.088357 6.906845 
1626.716676 6.906845 
1627.344995 6.906845 
1627.973313 6.906845 
1628.601632 6.906845 
1629.229950 6.906845 
1629.858269 6.906845 
1630.486587 6.906845 
1631.114906 6.906845 
1631.743224 6.906845 
1632.371543 6.906845 
1632.999861 6.906845 
1633.628180 6.906845 
1634.256498 6.906845 
1634.884817 6.906845 
1635.513135 6.906845 
1636.141454 6.906845 
1636.769773 6.906845 
1637.398091 6.906845 
1638.026410 6.906845 
1638.654728 6.906845 
1639.283047 6.906845 
1639.911365 6.906845 
1640.539684 6.906845 
1641.168002 6.906845 
1641.796321 6.906845 
1642.424639 6.906845 
1643.052958 6.906845 
1643.681276 6.906845 
1644.309595 6.906845 
1644.937913 6.906845 
1645.566232 6.923591 
1646.194550 6.945117 
1646.822869 6.966678 
1647.451188 6.988273 
1648.079506 7.000833 
1648.707825 7.000833 
1649.336143 7.000833 
1649.964462 7.000833 
1650.592780 7.000833 
1651.221099 7.000833 
1651.849417 7.000833 
1652.477736 7.000833 
1653.106054 7.000833 
1653.734373 7.000833 
1654.362691 7.000833 
1654.991010 7.000833 
1655.619328 7.000833 
1656.247647 7.000833 
1656.875966 7.000833 
1657.504284 7.000833 
1658.132603 7.000833 
1658.760921 7.000833 
1659.389240 7.000833 
1660.017558 7.000833 
1660.645877 7.000833 
1661.274195 7.000833 
1661.902514 7.000833 
1662.530832 7.000833 
1663.159151 7.000833 
1663.787469 7.000833 
1664.415788 7.000833 
1665.044106 7.000833 
1665.672425 7.000833 
1666.300743 7.000833 
1666.929062 7.000833 
1667.557381 7.000833 
1668.185699 7.000833 
1668.814018 7.000833 
1669.442336 7.000833 
1670.070655 7.000833 
1670.698973 7.000833 
1671.327292 7.000833 
1671.955610 7.000833 
1672.583929 7.000833 
1673.212247 7.000833 
1673.840566 7.000833 
1674.468884 7.000833 
1675.097203 7.000833 
1675.725521 7.000833 
1676.353840 7.000833 
1676.982158 7.000833 
1677.610477 7.000833 
1678.238796 7.000833 
1678.867114 7.000833 
1679.495433 7.000833 
1680.123751 7.000833 
1680.752070 7.000833 
1681.380388 7.000833 
1682.008707 7.000833 
1682.637025 7.000833 
1683.265344 7.000833 
1683.893662 7.000833 
1684.521981 7.000833 
1685.150299 7.000833 
1685.778618 7.000833 
1686.406936 7.000833 
1687.035255 7.000833 
1687.663574 7.000833 
1688.291892 7.000833 
1688.920211 7.000833 
1689.548529 7.000833 
1690.176848 7.000833 
1690.805166 7.000833 
1691.433485 7.000833 
1692.061803 7.000833 
1692.690122 7.000833 
1693.318440 7.000833 
1693.946759 7.000833 
1694.575077 7.000833 
1695.203396 7.000833 
1695.831714 7.000833 
1696.460033 7.000833 
1697.088351 7.000833 
1697.716670 7.000833 
1698.344989 7.000833 
1698.973307 7.000833 
1699.601626 7.000833 
1700.229944 7.000833 
1700.858263 7.000833 
1701.486581 7.000833 
1702.114900 7.000833 
1702.743218 7.000833 
1703.371537 7.000833 
1703.999855 7.000833 
1704.628174 7.000833 
1705.256492 7.000833 
1705.884811 7.000833 
1706.513129 7.000833 
1707.141448 7.000833 
1707.769766 7.000833 
1708.398085 7.000833 
1709.026404 7.000833 
1709.654722 7.000833 
1710.283041 7.000833 
1710.911359 7.000833 
1711.539678 7.000833 
1712.167996 7.000833 
1712.796315 7.000833 
1713.424633 7.001330 
1714.052952 7.022978 
1714.681270 7.044658 
1715.309589 7.066373 
1715.937907 7.088121 
1716.566226 7.094847 
1717.194544 7.094847 
1717.822863 7.094847 
1718.451182 7.094847 
1719.079500 7.094847 
1719.707819 7.094847 
1720.336137 7.094847 
1720.964456 7.094847 
1721.592774 7.094847 
1722.221093 7.094847 
1722.849411 7.094847 
1723.477730 7.094847 
1724.106048 7.094847 
1724.734367 7.094847 
1725.362685 7.094847 
1725.991004 7.094847 
1726.619322 7.094847 
1727.247641 7.094847 
1727.875959 7.094847 
1728.504278 7.094847 
1729.132597 7.094847 
1729.760915 7.094847 
1730.389234 7.094847 
1731.017552 7.094847 
1731.645871 7.094847 
1732.274189 7.094847 
1732.902508 7.094847 
1733.530826 7.094847 
1734.159145 7.094847 
1734.787463 7.094847 
1735.415782 7.094847 
1736.044100 7.094847 
1736.672419 7.094847 
1737.300737 7.094847 
1737.929056 7.094847 
1738.557374 7.094847 
1739.185693 7.094847 
1739.814012 7.094847 
1740.442330 7.094847 
1741.070649 7.094847 
1741.698967 7.094847 
1742.327286 7.094847 
1742.955604 7.094847 
1743.583923 7.094847 
1744.212241 7.094847 
1744.840560 7.094847 
1745.468878 7.094847 
1746.097197 7.094847 
1746.725515 7.094847 
1747.353834 7.094847 
1747.982152 7.094847 
1748.610471 7.094847 
1749.238790 7.094847 
1749.867108 7.094847 
1750.495427 7.094847 
1751.123745 7.094847 
1751.752064 7.094847 
1752.380382 7.094847 
1753.008701 7.094847 
1753.637019 7.094847 
1754.265338 7.094847 
1754.893656 7.094847 
1755.521975 7.094847 
1756.150293 7.094847 
1756.778612 7.094847 
1757.406930 7.094847 
1758.035249 7.094847 
1758.663567 7.094847 
1759.291886 7.094847 
1759.920205 7.094847 
1760.548523 7.094847 
1761.176842 7.094847 
1761.805160 7.094847 
1762.433479 7.094847 
1763.061797 7.094847 
1763.690116 7.094847 
1764.318434 7.094847 
1764.946753 7.094847 
1765.575071 7.094847 
1766.203390 7.094847 
1766.831708 7.094847 
1767.460027 7.094847 
1768.088345 7.094847 
1768.716664 7.094847 
1769.344983 7.094847 
1769.973301 7.094847 
1770.601620 7.094847 
1771.229938 7.094847 
1771.858257 7.094847 
1772.486575 7.094847 
1773.114894 7.094847 
1773.743212 7.094847 
1774.371531 7.094847 
1774.999849 7.094847 
1775.628168 7.094847 
1776.256486 7.094847 
1776.884805 7.094847 
1777.513123 7.094847 
1778.141442 7.094847 
1778.769760 7.094847 
1779.398079 7.094847 
1780.026398 7.094847 
1780.654716 7.094847 
1781.283035 7.094847 
1781.911353 7.101207 
1782.539672 7.123009 
1783.167990 7.144842 
1783.796309 7.166711 
1784.424627 7.188611 
1785.052946 7.188831 
1785.681264 7.188831 
1786.309583 7.188831 
1786.937901 7.188831 
1787.566220 7.188831 
1788.194538 7.188831 
1788.822857 7.188831 
1789.451175 7.188831 
1790.079494 7.188831 
1790.707813 7.188831 
1791.336131 7.188831 
1791.964450 7.188831 
1792.592768 7.188831 
1793.221087 7.188831 
1793.849405 7.188831 
1794.477724 7.188831 
1795.106042 7.188831 
1795.734361 7.188831 
1796.362679 7.188831 
1796.990998 7.188831 
1797.619316 7.188831 
1798.247635 7.188831 
1798.875953 7.188831 
1799.504272 7.188831 
1800.132591 7.188831 
1800.760909 7.188831 
1801.389228 7.188831 
1802.017546 7.188831 
1802.645865 7.188831 
1803.274183 7.188831 
1803.902502 7.188831 
1804.530820 7.188831 
1805.159139 7.188831 
1805.787457 7.188831 
1806.415776 7.188831 
1807.044094 7.188831 
1807.672413 7.188831 
1808.300731 7.188831 
1808.929050 7.188831 
1809.557368 7.188831 
1810.185687 7.188831 
1810.814006 7.188831 
1811.442324 7.188831 
1812.070643 7.188831 
1812.698961 7.188831 
1813.327280 7.188831 
1813.955598 7.188831 
1814.583917 7.188831 
1815.212235 7.188831 
1815.840554 7.188831 
1816.468872 7.188831 
1817.097191 7.188831 
1817.725509 7.188831 
1818.353828 7.188831 
1818.982146 7.188831 
1819.610465 7.188831 
1820.238783 7.188831 
1820.867102 7.188831 
1821.495421 7.188831 
1822.123739 7.188831 
1822.752058 7.188831 
1823.380376 7.188831 
1824.008695 7.188831 
1824.637013 7.188831 
1825.265332 7.188831 
1825.893650 7.188831 
1826.521969 7.188831 
1827.150287 7.188831 
1827.778606 7.188831 
1828.406924 7.188831 
1829.035243 7.188831 
1829.663561 7.188831 
1830.291880 7.188831 
1830.920199 7.188831 
1831.548517 7.188831 
1832.176836 7.188831 
1832.805154 7.188831 
1833.433473 7.188831 
1834.061791 7.188831 
1834.690110 7.188831 
1835.318428 7.188831 
1835.946747 7.188831 
1836.575065 7.188831 
1837.203384 7.188831 
1837.831702 7.188831 
1838.460021 7.188831 
1839.088339 7.188831 
1839.716658 7.188831 
1840.344976 7.188831 
1840.973295 7.188831 
1841.601614 7.188831 
1842.229932 7.188831 
1842.858251 7.188831 
1843.486569 7.188831 
1844.114888 7.188831 
1844.743206 7.188831 
1845.371525 7.188831 
1845.999843 7.188831 
1846.628162 7.188831 
1847.256480 7.188831 
1847.884799 7.188831 
1848.513117 7.188831 
1849.141436 7.188831 
1849.769754 7.188831 
1850.398073 7.201899 
1851.026391 7.223855 
1851.654710 7.245844 
1852.283029 7.267865 
1852.911347 7.282816 
1853.539666 7.282816 
1854.167984 7.282816 
1854.796303 7.282816 
1855.424621 7.282816 
1856.052940 7.282816 
1856.681258 7.282816 
1857.309577 7.282816 
1857.937895 7.282816 
1858.566214 7.282816 
1859.194532 7.282816 
1859.822851 7.282816 
1860.451169 7.282816 
1861.079488 7.282816 
1861.707807 7.282816 
1862.336125 7.282816 
1862.964444 7.282816 
1863.592762 7.282816 
1864.221081 7.282816 
1864.849399 7.282816 
1865.477718 7.282816 
1866.106036 7.282816 
1866.734355 7.282816 
1867.362673 7.282816 
1867.990992 7.282816 
1868.619310 7.282816 
1869.247629 7.282816 
1869.875947 7.282816 
1870.504266 7.282816 
1871.132584 7.282816 
1871.760903 7.282816 
1872.389222 7.282816 
1873.017540 7.282816 
1873.645859 7.282816 
1874.274177 7.282816 
1874.902496 7.282816 
1875.530814 7.282816 
1876.159133 7.282816 
1876.787451 7.282816 
1877.415770 7.282816 
1878.044088 7.282816 
1878.672407 7.282816 
1879.300725 7.282816 
1879.929044 7.282816 
1880.557362 7.282816 
1881.185681 7.282816 
1881.814000 7.282816 
1882.442318 7.282816 
1883.070637 7.282816 
1883.698955 7.282816 
1884.327274 7.282816 
1884.955592 7.282816 
1885.583911 7.282816 
1886.212229 7.282816 
1886.840548 7.282816 
1887.468866 7.282816 
1888.097185 7.282816 
1888.725503 7.282816 
1889.353822 7.282816 
1889.982140 7.282816 
1890.610459 7.282816 
1891.238777 7.282816 
1891.867096 7.282816 
1892.495415 7.282816 
1893.123733 7.282816 
1893.752052 7.282816 
1894.380370 7.282816 
1895.008689 7.282816 
1895.637007 7.282816 
1896.265326 7.282816 
1896.893644 7.282816 
1897.521963 7.282816 
1898.150281 7.282816 
1898.778600 7.282816 
1899.406918 7.282816 
1900.035237 7.282816 
1900.663555 7.282816 
1901.291874 7.282816 
1901.920192 7.282816 
1902.548511 7.282816 
1903.176830 7.282816 
1903.805148 7.282816 
1904.433467 7.282816 
1905.061785 7.282816 
1905.690104 7.282816 
1906.318422 7.282816 
1906.946741 7.282816 
1907.575059 7.282816 
1908.203378 7.282816 
1908.831696 7.282816 
1909.460015 7.282816 
1910.088333 7.282816 
1910.716652 7.282816 
1911.344970 7.282816 
1911.973289 7.282816 
1912.601608 7.282816 
1913.229926 7.282816 
1913.858245 7.282816 
1914.486563 7.282816 
1915.114882 7.282816 
1915.743200 7.282816 
1916.371519 7.282816 
1916.999837 7.282816 
1917.628156 7.282816 
1918.256474 7.282816 
1918.884793 7.303170 
1919.513111 7.325279 
1920.141430 7.347420 
1920.769748 7.369596 
1921.398067 7.376811 
1922.026385 7.376811 
1922.654704 7.376811 
1923.283023 7.376811 
1923.911341 7.376811 
1924.539660 7.376811 
1925.167978 7.376811 
1925.796297 7.376811 
1926.424615 7.376811 
1927.052934 7.376811 
1927.681252 7.376811 
1928.309571 7.376811 
1928.937889 7.376811 
1929.566208 7.376811 
1930.194526 7.376811 
1930.822845 7.376811 
1931.451163 7.376811 
1932.079482 7.376811 
1932.707800 7.376811 
1933.336119 7.376811 
1933.964438 7.376811 
1934.592756 7.376811 
1935.221075 7.376811 
1935.849393 7.376811 
1936.477712 7.376811 
1937.106030 7.376811 
1937.734349 7.376811 
1938.362667 7.376811 
1938.990986 7.376811 
1939.619304 7.376811 
1940.247623 7.376811 
1940.875941 7.376811 
1941.504260 7.376811 
1942.132578 7.376811 
1942.760897 7.376811 
1943.389216 7.376811 
1944.017534 7.376811 
1944.645853 7.376811 
1945.274171 7.376811 
1945.902490 7.376811 
1946.530808 7.376811 
1947.159127 7.376811 
1947.787445 7.376811 
1948.415764 7.376811 
1949.044082 7.376811 
1949.672401 7.376811 
1950.300719 7.376811 
1950.929038 7.376811 
1951.557356 7.376811 
1952.185675 7.376811 
1952.813993 7.376811 
1953.442312 7.376811 
1954.070631 7.376811 
1954.698949 7.376811 
1955.327268 7.376811 
1955.955586 7.376811 
1956.583905 7.376811 
1957.212223 7.376811 
1957.840542 7.376811 
1958.468860 7.376811 
1959.097179 7.376811 
1959.725497 7.376811 
1960.353816 7.376811 
1960.982134 7.376811 
1961.610453 7.376811 
1962.238771 7.376811 
1962.867090 7.376811 
1963.495408 7.376811 
1964.123727 7.376811 
1964.752046 7.376811 
1965.380364 7.376811 
1966.008683 7.376811 
1966.637001 7.376811 
1967.265320 7.376811 
1967.893638 7.376811 
1968.521957 7.376811 
1969.150275 7.376811 
1969.778594 7.376811 
1970.406912 7.376811 
1971.035231 7.376811 
1971.663549 7.376811 
1972.291868 7.376811 
1972.920186 7.376811 
1973.548505 7.376811 
1974.176824 7.376811 
1974.805142 7.376811 
1975.433461 7.376811 
1976.061779 7.376811 
1976.690098 7.376811 
1977.318416 7.376811 
1977.946735 7.376811 
1978.575053 7.376811 
1979.203372 7.376811 
1979.831690 7.376811 
1980.460009 7.376811 
1981.088327 7.376811 
1981.716646 7.376811 
1982.344964 7.376811 
1982.973283 7.376811 
1983.601601 7.376811 
1984.229920 7.376811 
1984.858239 7.376811 
1985.486557 7.376811 
1986.114876 7.376811 
1986.743194 7.383051 
1987.371513 7.405281 
1987.999831 7.427542 
1988.628150 7.449839 
1989.256468 7.470806 
1989.884787 7.470806 
1990.513105 7.470806 
1991.141424 7.470806 
1991.769742 7.470806 
1992.398061 7.470806 
1993.026379 7.470806 
1993.654698 7.470806 
1994.283016 7.470806 
1994.911335 7.470806 
1995.539654 7.470806 
1996.167972 7.470806 
1996.796291 7.470806 
1997.424609 7.470806 
1998.052928 7.470806 
1998.681246 7.470806 
1999.309565 7.470806 
1999.937883 7.470806 
2000.566202 7.470806 
2001.194520 7.470806 
2001.822839 7.470806 
2002.451157 7.470806 
2003.079476 7.470806 
2003.707794 7.470806 
2004.336113 7.470806 
2004.964432 7.470806 
2005.592750 7.470806 
2006.221069 7.470806 
2006.849387 7.470806 
2007.477706 7.470806 
2008.106024 7.470806 
2008.734343 7.470806 
2009.362661 7.470806 
2009.990980 7.470806 
2010.619298 7.470806 
2011.247617 7.470806 
2011.875935 7.470806 
2012.504254 7.470806 
2013.132572 7.470806 
2013.760891 7.470806 
2014.389209 7.470806 
2015.017528 7.470806 
2015.645847 7.470806 
2016.274165 7.470806 
2016.902484 7.470806 
2017.530802 7.470806 
2018.159121 7.470806 
2018.787439 7.470806 
2019.415758 7.470806 
2020.044076 7.470806 
2020.672395 7.470806 
2021.300713 7.470806 
2021.929032 7.470806 
2022.557350 7.470806 
2023.185669 7.470806 
2023.813987 7.470806 
2024.442306 7.470806 
2025.070625 7.470806 
2025.698943 7.470806 
2026.327262 7.470806 
2026.955580 7.470806 
2027.583899 7.470806 
2028.212217 7.470806 
2028.840536 7.470806 
2029.468854 7.470806 
2030.097173 7.470806 
2030.725491 7.470806 
2031.353810 7.470806 
2031.982128 7.470806 
2032.610447 7.470806 
2033.238765 7.470806 
2033.867084 7.470806 
2034.495402 7.470806 
2035.123721 7.470806 
2035.752040 7.470806 
2036.380358 7.470806 
2037.008677 7.470806 
2037.636995 7.470806 
2038.265314 7.470806 
2038.893632 7.470806 
2039.521951 7.470806 
2040.150269 7.470806 
2040.778588 7.470806 
2041.406906 7.470806 
2042.035225 7.470806 
2042.663543 7.470806 
2043.291862 7.470806 
2043.920180 7.470806 
2044.548499 7.470806 
2045.176817 7.470806 
2045.805136 7.470806 
2046.433455 7.470806 
2047.061773 7.470806 
2047.690092 7.470806 
2048.318410 7.470806 
2048.946729 7.470806 
2049.575047 7.470806 
2050.203366 7.470806 
2050.831684 7.470806 
2051.460003 7.470806 
2052.088321 7.470806 
2052.716640 7.470806 
2053.344958 7.470806 
2053.973277 7.470806 
2054.601595 7.470806 
2055.229914 7.485605 
2055.858233 7.507987 
2056.486551 7.530404 
2057.114870 7.552852 
2057.743188 7.564810 
2058.371507 7.564810 
2058.999825 7.564810 
2059.628144 7.564810 
2060.256462 7.564810 
2060.884781 7.564810 
2061.513099 7.564810 
2062.141418 7.564810 
2062.769736 7.564810 
2063.398055 7.564810 
2064.026373 7.564810 
2064.654692 7.564810 
2065.283010 7.564810 
2065.911329 7.564810 
2066.539648 7.564810 
2067.167966 7.564810 
2067.796285 7.564810 
2068.424603 7.564810 
2069.052922 7.564810 
2069.681240 7.564810 
2070.309559 7.564810 
2070.937877 7.564810 
2071.566196 7.564810 
2072.194514 7.564810 
2072.822833 7.564810 
2073.451151 7.564810 
2074.079470 7.564810 
2074.707788 7.564810 
2075.336107 7.564810 
2075.964425 7.564810 
2076.592744 7.564810 
2077.221063 7.564810 
2077.849381 7.564810 
2078.477700 7.564810 
2079.106018 7.564810 
2079.734337 7.564810 
2080.362655 7.564810 
2080.990974 7.564810 
2081.619292 7.564810 
2082.247611 7.564810 
2082.875929 7.564810 
2083.504248 7.564810 
2084.132566 7.564810 
2084.760885 7.564810 
2085.389203 7.564810 
2086.017522 7.564810 
2086.645841 7.564810 
2087.274159 7.564810 
2087.902478 7.564810 
2088.530796 7.564810 
2089.159115 7.564810 
2089.787433 7.564810 
2090.415752 7.564810 
2091.044070 7.564810 
2091.672389 7.564810 
2092.300707 7.564810 
2092.929026 7.564810 
2093.557344 7.564810 
2094.185663 7.564810 
2094.813981 7.564810 
2095.442300 7.564810 
2096.070618 7.564810 
2096.698937 7.564810 
2097.327256 7.564810 
2097.955574 7.564810 
2098.583893 7.564810 
2099.212211 7.564810 
2099.840530 7.564810 
2100.468848 7.564810 
2101.097167 7.564810 
2101.725485 7.564810 
2102.353804 7.564810 
2102.982122 7.564810 
2103.610441 7.564810 
2104.238759 7.564810 
2104.867078 7.564810 
2105.495396 7.564810 
2106.123715 7.564810 
2106.752033 7.564810 
2107.380352 7.564810 
2108.008671 7.564810 
2108.636989 7.564810 
2109.265308 7.564810 
2109.893626 7.564810 
2110.521945 7.564810 
2111.150263 7.564810 
2111.778582 7.564810 
2112.406900 7.564810 
2113.035219 7.564810 
2113.663537 7.564810 
2114.291856 7.564810 
2114.920174 7.564810 
2115.548493 7.564810 
2116.176811 7.564810 
2116.805130 7.564810 
2117.433449 7.564810 
2118.061767 7.564810 
2118.690086 7.564810 
2119.318404 7.564810 
2119.946723 7.564810 
2120.575041 7.564810 
2121.203360 7.564810 
2121.831678 7.564810 
2122.459997 7.564810 
2123.088315 7.566451 
2123.716634 7.588955 
2124.344952 7.611492 
2124.973271 7.634062 
2125.601589 7.656666 
2126.229908 7.658814 
2126.858226 7.658814 
2127.486545 7.658814 
2128.114864 7.658814 
2128.743182 7.658814 
2129.371501 7.658814 
2129.999819 7.658814 
2130.628138 7.658814 
2131.256456 7.658814 
2131.884775 7.658814 
2132.513093 7.658814 
2133.141412 7.658814 
2133.769730 7.658814 
2134.398049 7.658814 
2135.026367 7.658814 
2135.654686 7.658814 
2136.283004 7.658814 
2136.911323 7.658814 
2137.539642 7.658814 
2138.167960 7.658814 
2138.796279 7.658814 
2139.424597 7.658814 
2140.052916 7.658814 
2140.681234 7.658814 
2141.309553 7.658814 
2141.937871 7.658814 
2142.566190 7.658814 
2143.194508 7.658814 
2143.822827 7.658814 
2144.451145 7.658814 
2145.079464 7.658814 
2145.707782 7.658814 
2146.336101 7.658814 
2146.964419 7.658814 
2147.592738 7.658814 
2148.221057 7.658814 
2148.849375 7.658814 
2149.477694 7.658814 
2150.106012 7.658814 
2150.734331 7.658814 
2151.362649 7.658814 
2151.990968 7.658814 
2152.619286 7.658814 
2153.247605 7.658814 
2153.875923 7.658814 
2154.504242 7.658814 
2155.132560 7.658814 
2155.760879 7.658814 
2156.389197 7.658814 
2157.017516 7.658814 
2157.645834 7.658814 
2158.274153 7.658814 
2158.902472 7.658814 
2159.530790 7.658814 
2160.159109 7.658814 
2160.787427 7.658814 
2161.415746 7.658814 
2162.044064 7.658814 
2162.672383 7.658814 
2163.300701 7.658814 
2163.929020 7.658814 
2164.557338 7.658814 
2165.185657 7.658814 
2165.813975 7.658814 
2166.442294 7.658814 
2167.070612 7.658814 
2167.698931 7.658814 
2168.327250 7.658814 
2168.955568 7.658814 
2169.583887 7.658814 
2170.212205 7.658814 
2170.840524 7.658814 
2171.468842 7.658814 
2172.097161 7.658814 
2172.725479 7.658814 
2173.353798 7.658814 
2173.982116 7.658814 
2174.610435 7.658814 
2175.238753 7.658814 
2175.867072 7.658814 
2176.495390 7.658814 
2177.123709 7.658814 
2177.752027 7.658814 
2178.380346 7.658814 
2179.008665 7.658814 
2179.636983 7.658814 
2180.265302 7.658814 
2180.893620 7.658814 
2181.521939 7.658814 
2182.150257 7.658814 
2182.778576 7.658814 
2183.406894 7.658814 
2184.035213 7.658814 
2184.663531 7.658814 
2185.291850 7.658814 
2185.920168 7.658814 
2186.548487 7.658814 
2187.176805 7.658814 
2187.805124 7.658814 
2188.433442 7.658814 
2189.061761 7.658814 
2189.690080 7.658814 
2190.318398 7.658814 
2190.946717 7.658814 
2191.575035 7.670266 
2192.203354 7.692924 
2192.831672 7.715614 
2193.459991 7.738338 
2194.088309 7.752807 
2194.716628 7.752807 
2195.344946 7.752807 
2195.973265 7.752807 
2196.601583 7.752807 
2197.229902 7.752807 
2197.858220 7.752807 
2198.486539 7.752807 
