0.000000 0.018791
0.628319 0.026629
1.256637 0.042187
1.884956 0.059728
2.513274 0.077818
3.141593 0.096110
3.769911 0.114495
4.398230 0.132922
5.026548 0.151361
5.654867 0.169794
6.283185 0.188209
6.911504 0.206596
7.539822 0.224948
8.168141 0.243257
8.796459 0.261518
9.424778 0.279726
10.053096 0.297874
10.681415 0.315959
11.309734 0.333976
11.938052 0.351920
12.566371 0.369786
13.194689 0.387570
13.823008 0.405268
14.451326 0.422876
15.079645 0.440390
15.707963 0.457805
16.336282 0.475118
16.964600 0.492323
17.592919 0.509419
18.221237 0.526399
18.849556 0.543261
19.477874 0.560001
20.106193 0.576614
20.734512 0.593098
21.362830 0.609448
21.991149 0.625660
22.619467 0.641731
23.247786 0.657657
23.876104 0.673434
24.504423 0.689059
25.132741 0.704529
25.761060 0.719839
26.389378 0.734987
27.017697 0.749968
27.646015 0.764780
28.274334 0.779419
28.902652 0.793882
29.530971 0.808165
30.159289 0.822266
30.787608 0.836181
31.415927 0.849906
32.044245 0.863439
32.672564 0.876777
33.300882 0.889916
33.929201 0.902854
34.557519 0.915588
35.185838 0.928115
35.814156 0.940432
36.442475 0.952536
37.070793 0.964424
37.699112 0.976094
38.327430 0.987544
38.955749 0.998770
39.584067 1.009769
40.212386 1.020541
40.840704 1.031081
41.469023 1.041388
42.097342 1.051460
42.725660 1.061293
43.353979 1.070886
43.982297 1.080237
44.610616 1.089343
45.238934 1.098203
45.867253 1.106815
46.495571 1.115175
47.123890 1.123284
47.752208 1.131138
48.380527 1.138736
49.008845 1.146077
49.637164 1.153158
50.265482 1.159978
50.893801 1.166535
51.522120 1.172829
52.150438 1.178857
52.778757 1.184618
53.407075 1.190111
54.035394 1.195335
54.663712 1.200288
55.292031 1.204969
55.920349 1.209378
56.548668 1.213513
57.176986 1.217373
57.805305 1.220958
58.433623 1.224267
59.061942 1.227298
59.690260 1.230052
60.318579 1.232527
60.946897 1.234723
61.575216 1.236639
62.203535 1.238276
62.831853 1.239633
63.460172 1.240709
64.088490 1.241504
64.716809 1.242018
65.345127 1.242250
65.973446 1.242202
66.601764 1.241873
67.230083 1.241262
67.858401 1.240631
68.486720 1.240289
69.115038 1.240238
69.743357 1.240479
70.371675 1.241015
70.999994 1.241703
71.628313 1.242135
72.256631 1.242286
72.884950 1.242157
73.513268 1.241746
74.141587 1.241054
74.769905 1.240081
75.398224 1.238828
76.026542 1.237295
76.654861 1.235481
77.283179 1.233388
77.911498 1.231016
78.539816 1.228365
79.168135 1.225437
79.796453 1.222231
80.424772 1.218749
81.053090 1.214991
81.681409 1.210958
82.309728 1.206651
82.938046 1.202071
83.566365 1.197219
84.194683 1.192096
84.823002 1.186704
85.451320 1.181043
86.079639 1.175114
86.707957 1.168920
87.336276 1.162462
87.964594 1.155740
88.592913 1.148758
89.221231 1.141515
89.849550 1.134014
90.477868 1.126256
91.106187 1.118244
91.734505 1.109979
92.362824 1.101462
92.991143 1.092697
93.619461 1.083684
94.247780 1.074427
94.876098 1.064926
95.504417 1.055184
96.132735 1.045204
96.761054 1.034988
97.389372 1.024537
98.017691 1.013855
98.646009 1.002943
99.274328 0.991805
99.902646 0.980443
100.530965 0.968859
101.159283 0.957055
101.787602 0.945036
102.415921 0.932803
103.044239 0.920359
103.672558 0.907707
104.300876 0.894850
104.929195 0.881791
105.557513 0.868533
106.185832 0.855078
106.814150 0.841431
107.442469 0.827593
108.070787 0.813569
108.699106 0.799360
109.327424 0.784972
109.955743 0.770407
110.584061 0.755667
111.212380 0.740758
111.840698 0.725681
112.469017 0.710441
113.097336 0.695040
113.725654 0.679484
114.353973 0.663774
114.982291 0.647916
115.610610 0.631911
116.238928 0.615765
116.867247 0.599480
117.495565 0.583062
118.123884 0.566513
118.752202 0.549837
119.380521 0.533038
120.008839 0.516121
120.637158 0.499089
121.265476 0.481946
121.893795 0.464697
122.522113 0.447346
123.150432 0.429897
123.778751 0.412354
124.407069 0.394722
125.035388 0.377006
125.663706 0.359210
126.292025 0.341339
126.920343 0.323398
127.548662 0.305392
128.176980 0.287328
128.805299 0.269212
129.433617 0.251050
130.061936 0.232849
130.690254 0.214620
131.318573 0.196372
131.946891 0.178120
132.575210 0.159880
133.203529 0.141678
133.831847 0.123549
134.460166 0.105553
135.088484 0.087793
135.716803 0.070469
136.345121 0.054039
136.973440 0.039958
137.601758 0.031730
138.230077 0.033982
138.858395 0.045218
139.486714 0.060666
140.115032 0.077723
140.743351 0.095441
141.371669 0.113498
141.999988 0.131742
142.628306 0.150091
143.256625 0.168497
143.884944 0.186929
144.513262 0.205366
145.141581 0.223791
145.769899 0.242193
146.398218 0.260562
147.026536 0.278888
147.654855 0.297166
148.283173 0.315388
148.911492 0.333548
149.539810 0.351641
150.168129 0.369661
150.796447 0.387604
151.424766 0.405464
152.053084 0.423237
152.681403 0.440918
153.309721 0.458503
153.938040 0.475987
154.566359 0.493366
155.194677 0.510636
155.822996 0.527793
156.451314 0.544832
157.079633 0.561750
157.707951 0.578542
158.336270 0.595205
158.964588 0.611734
159.592907 0.628127
160.221225 0.644378
160.849544 0.660485
161.477862 0.676443
162.106181 0.692249
162.734499 0.707899
163.362818 0.723390
163.991137 0.738718
164.619455 0.753879
165.247774 0.768871
165.876092 0.783689
166.504411 0.798330
167.132729 0.812791
167.761048 0.827069
168.389366 0.841160
169.017685 0.855061
169.646003 0.868769
170.274322 0.882281
170.902640 0.895593
171.530959 0.908703
172.159277 0.921608
172.787596 0.934304
173.415914 0.946790
174.044233 0.959061
174.672552 0.971116
175.300870 0.982951
175.929189 0.994564
176.557507 1.005952
177.185826 1.017112
177.814144 1.028043
178.442463 1.038741
179.070781 1.049204
179.699100 1.059430
180.327418 1.069417
180.955737 1.079161
181.584055 1.088662
182.212374 1.097916
182.840692 1.106922
183.469011 1.115677
184.097330 1.124181
184.725648 1.132430
185.353967 1.140422
185.982285 1.148157
186.610604 1.155632
187.238922 1.162846
187.867241 1.169796
188.495559 1.176482
189.123878 1.182902
189.752196 1.189054
190.380515 1.194937
191.008833 1.200550
191.637152 1.205891
192.265470 1.210959
192.893789 1.215754
193.522107 1.220273
194.150426 1.224516
194.778745 1.228482
195.407063 1.232171
196.035382 1.235580
196.663700 1.238710
197.292019 1.241559
197.920337 1.244128
198.548656 1.246415
199.176974 1.248420
199.805293 1.250143
200.433611 1.251583
201.061930 1.252739
201.690248 1.253613
202.318567 1.254202
202.946885 1.254508
203.575204 1.254530
204.203522 1.254268
204.831841 1.253722
205.460160 1.253038
206.088478 1.252627
206.716797 1.252514
207.345115 1.252703
207.973434 1.253194
208.601752 1.253898
209.230071 1.254377
209.858389 1.254572
210.486708 1.254483
211.115026 1.254110
211.743345 1.253454
212.371663 1.252515
212.999982 1.251292
213.628300 1.249786
214.256619 1.247998
214.884938 1.245927
215.513256 1.243575
216.141575 1.240941
216.769893 1.238027
217.398212 1.234833
218.026530 1.231360
218.654849 1.227608
219.283167 1.223578
219.911486 1.219272
220.539804 1.214691
221.168123 1.209834
221.796441 1.204704
222.424760 1.199302
223.053078 1.193628
223.681397 1.187685
224.309715 1.181473
224.938034 1.174994
225.566353 1.168249
226.194671 1.161241
226.822990 1.153969
227.451308 1.146437
228.079627 1.138646
228.707945 1.130597
229.336264 1.122293
229.964582 1.113736
230.592901 1.104926
231.221219 1.095867
231.849538 1.086560
232.477856 1.077008
233.106175 1.067212
233.734493 1.057175
234.362812 1.046900
234.991130 1.036388
235.619449 1.025642
236.247768 1.014664
236.876086 1.003457
237.504405 0.992024
238.132723 0.980366
238.761042 0.968487
239.389360 0.956390
240.017679 0.944077
240.645997 0.931551
241.274316 0.918815
241.902634 0.905871
242.530953 0.892723
243.159271 0.879374
243.787590 0.865827
244.415908 0.852085
245.044227 0.838151
245.672546 0.824028
246.300864 0.809719
246.929183 0.795229
247.557501 0.780560
248.185820 0.765715
248.814138 0.750698
249.442457 0.735513
250.070775 0.720162
250.699094 0.704651
251.327412 0.688981
251.955731 0.673158
252.584049 0.657184
253.212368 0.641063
253.840686 0.624800
254.469005 0.608397
255.097323 0.591860
255.725642 0.575191
256.353961 0.558396
256.982279 0.541477
257.610598 0.524440
258.238916 0.507288
258.867235 0.490027
259.495553 0.472659
260.123872 0.455190
260.752190 0.437625
261.380509 0.419967
262.008827 0.402223
262.637146 0.384397
263.265464 0.366495
263.893783 0.348523
264.522101 0.330485
265.150420 0.312390
265.778738 0.294245
266.407057 0.276056
267.035376 0.257834
267.663694 0.239590
268.292013 0.221335
268.920331 0.203087
269.548650 0.184866
270.176968 0.166701
270.805287 0.148630
271.433605 0.130714
272.061924 0.113046
272.690242 0.095782
273.318561 0.079211
273.946879 0.063896
274.575198 0.051302
275.203516 0.044078
275.831835 0.044940
276.460154 0.053538
277.088472 0.066986
277.716791 0.082794
278.345109 0.099717
278.973428 0.117261
279.601746 0.135173
280.230065 0.153309
280.858383 0.171585
281.486702 0.189947
282.115020 0.208357
282.743339 0.226789
283.371657 0.245223
283.999976 0.263644
284.628294 0.282040
285.256613 0.300399
285.884931 0.318713
286.513250 0.336975
287.141569 0.355176
287.769887 0.373311
288.398206 0.391373
289.026524 0.409357
289.654843 0.427257
290.283161 0.445069
290.911480 0.462787
291.539798 0.480406
292.168117 0.497923
292.796435 0.515331
293.424754 0.532628
294.053072 0.549808
294.681391 0.566867
295.309709 0.583801
295.938028 0.600606
296.566346 0.617279
297.194665 0.633814
297.822984 0.650208
298.451302 0.666457
299.079621 0.682557
299.707939 0.698505
300.336258 0.714296
300.964576 0.729928
301.592895 0.745395
302.221213 0.760696
302.849532 0.775825
303.477850 0.790781
304.106169 0.805558
304.734487 0.820155
305.362806 0.834567
305.991124 0.848791
306.619443 0.862824
307.247762 0.876662
307.876080 0.890303
308.504399 0.903743
309.132717 0.916980
309.761036 0.930010
310.389354 0.942830
311.017673 0.955437
311.645991 0.967829
312.274310 0.980002
312.902628 0.991954
313.530947 1.003682
314.159265 1.015183
314.787584 1.026456
315.415902 1.037496
316.044221 1.048302
316.672539 1.058872
317.300858 1.069202
317.929177 1.079290
318.557495 1.089135
319.185814 1.098734
319.814132 1.108084
320.442451 1.117184
321.070769 1.126032
321.699088 1.134625
322.327406 1.142961
322.955725 1.151040
323.584043 1.158858
324.212362 1.166414
324.840680 1.173706
325.468999 1.180733
326.097317 1.187494
326.725636 1.193985
327.353955 1.200207
327.982273 1.206158
328.610592 1.211835
329.238910 1.217239
329.867229 1.222367
330.495547 1.227220
331.123866 1.231794
331.752184 1.236090
332.380503 1.240107
333.008821 1.243843
333.637140 1.247298
334.265458 1.250471
334.893777 1.253361
335.522095 1.255967
336.150414 1.258290
336.778732 1.260328
337.407051 1.262081
338.035370 1.263549
338.663688 1.264730
339.292007 1.265626
339.920325 1.266236
340.548644 1.266559
341.176962 1.266596
341.805281 1.266346
342.433599 1.265810
343.061918 1.265115
343.690236 1.264691
344.318555 1.264575
344.946873 1.264767
345.575192 1.265271
346.203510 1.265979
346.831829 1.266449
347.460147 1.266633
348.088466 1.266531
348.716785 1.266143
349.345103 1.265468
349.973422 1.264508
350.601740 1.263262
351.230059 1.261730
351.858377 1.259913
352.486696 1.257812
353.115014 1.255426
353.743333 1.252756
354.371651 1.249804
354.999970 1.246569
355.628288 1.243052
356.256607 1.239255
356.884925 1.235177
357.513244 1.230820
358.141563 1.226186
358.769881 1.221274
359.398200 1.216086
360.026518 1.210624
360.654837 1.204888
361.283155 1.198880
361.911474 1.192601
362.539792 1.186053
363.168111 1.179237
363.796429 1.172154
364.424748 1.164807
365.053066 1.157196
365.681385 1.149325
366.309703 1.141194
366.938022 1.132805
367.566340 1.124160
368.194659 1.115262
368.822978 1.106112
369.451296 1.096712
370.079615 1.087065
370.707933 1.077173
371.336252 1.067037
371.964570 1.056661
372.592889 1.046046
373.221207 1.035196
373.849526 1.024112
374.477844 1.012797
375.106163 1.001254
375.734481 0.989485
376.362800 0.977493
376.991118 0.965282
377.619437 0.952852
378.247755 0.940208
378.876074 0.927353
379.504393 0.914289
380.132711 0.901019
380.761030 0.887547
381.389348 0.873875
382.017667 0.860007
382.645985 0.845946
383.274304 0.831695
383.902622 0.817258
384.530941 0.802637
385.159259 0.787837
385.787578 0.772860
386.415896 0.757711
387.044215 0.742393
387.672533 0.726909
388.300852 0.711263
388.929171 0.695459
389.557489 0.679501
390.185808 0.663392
390.814126 0.647136
391.442445 0.630738
392.070763 0.614201
392.699082 0.597529
393.327400 0.580727
393.955719 0.563799
394.584037 0.546749
395.212356 0.529581
395.840674 0.512301
396.468993 0.494912
397.097311 0.477420
397.725630 0.459829
398.353948 0.442144
398.982267 0.424372
399.610586 0.406516
400.238904 0.388585
400.867223 0.370582
401.495541 0.352517
402.123860 0.334395
402.752178 0.316225
403.380497 0.298016
404.008815 0.279778
404.637134 0.261525
405.265452 0.243270
405.893771 0.225032
406.522089 0.206834
407.150408 0.188707
407.778726 0.170692
408.407045 0.152847
409.035363 0.135260
409.663682 0.118066
410.292001 0.101483
410.920319 0.085886
411.548638 0.071947
412.176956 0.061176
412.805275 0.055670
413.433593 0.057012
414.061912 0.064811
414.690230 0.077151
415.318549 0.091993
415.946867 0.108198
416.575186 0.125226
417.203504 0.142770
417.831823 0.160649
418.460141 0.178748
419.088460 0.196991
419.716779 0.215329
420.345097 0.233725
420.973416 0.252150
421.601734 0.270583
422.230053 0.289009
422.858371 0.307413
423.486690 0.325784
424.115008 0.344112
424.743327 0.362387
425.371645 0.380603
425.999964 0.398751
426.628282 0.416826
427.256601 0.434821
427.884919 0.452730
428.513238 0.470549
429.141556 0.488270
429.769875 0.505891
430.398194 0.523404
431.026512 0.540807
431.654831 0.558094
432.283149 0.575261
432.911468 0.592303
433.539786 0.609215
434.168105 0.625995
434.796423 0.642637
435.424742 0.659138
436.053060 0.675493
436.681379 0.691699
437.309697 0.707751
437.938016 0.723646
438.566334 0.739379
439.194653 0.754948
439.822972 0.770349
440.451290 0.785578
441.079609 0.800630
441.707927 0.815504
442.336246 0.830195
442.964564 0.844700
443.592883 0.859015
444.221201 0.873137
444.849520 0.887064
445.477838 0.900791
446.106157 0.914316
446.734475 0.927635
447.362794 0.940745
447.991112 0.953643
448.619431 0.966327
449.247749 0.978794
449.876068 0.991039
450.504387 1.003062
451.132705 1.014859
451.761024 1.026426
452.389342 1.037763
453.017661 1.048865
453.645979 1.059731
454.274298 1.070358
454.902616 1.080743
455.530935 1.090884
456.159253 1.100780
456.787572 1.110427
457.415890 1.119823
458.044209 1.128967
458.672527 1.137855
459.300846 1.146487
459.929164 1.154860
460.557483 1.162972
461.185802 1.170822
461.814120 1.178407
462.442439 1.185726
463.070757 1.192777
463.699076 1.199559
464.327394 1.206070
464.955713 1.212308
465.584031 1.218272
466.212350 1.223962
466.840668 1.229375
467.468987 1.234510
468.097305 1.239366
468.725624 1.243942
469.353942 1.248237
469.982261 1.252250
470.610580 1.255980
471.238898 1.259426
471.867217 1.262587
472.495535 1.265464
473.123854 1.268054
473.752172 1.270358
474.380491 1.272374
475.008809 1.274104
475.637128 1.275545
476.265446 1.276698
476.893765 1.277562
477.522083 1.278138
478.150402 1.278425
478.778720 1.278422
479.407039 1.278131
480.035357 1.277552
480.663676 1.276872
481.291995 1.276493
481.920313 1.276430
482.548632 1.276685
483.176950 1.277259
483.805269 1.277948
484.433587 1.278358
485.061906 1.278479
485.690224 1.278311
486.318543 1.277854
486.946861 1.277109
487.575180 1.276076
488.203498 1.274755
488.831817 1.273146
489.460135 1.271249
490.088454 1.269065
490.716772 1.266595
491.345091 1.263838
491.973410 1.260797
492.601728 1.257470
493.230047 1.253860
493.858365 1.249967
494.486684 1.245792
495.115002 1.241335
495.743321 1.236598
496.371639 1.231582
496.999958 1.226288
497.628276 1.220717
498.256595 1.214871
498.884913 1.208751
499.513232 1.202358
500.141550 1.195693
500.769869 1.188759
501.398188 1.181557
502.026506 1.174088
502.654825 1.166354
503.283143 1.158357
503.911462 1.150099
504.539780 1.141581
505.168099 1.132807
505.796417 1.123776
506.424736 1.114493
507.053054 1.104958
507.681373 1.095174
508.309691 1.085144
508.938010 1.074869
509.566328 1.064352
510.194647 1.053595
510.822965 1.042602
511.451284 1.031373
512.079603 1.019913
512.707921 1.008223
513.336240 0.996306
513.964558 0.984165
514.592877 0.971804
515.221195 0.959223
515.849514 0.946428
516.477832 0.933420
517.106151 0.920203
517.734469 0.906779
518.362788 0.893152
518.991106 0.879325
519.619425 0.865302
520.247743 0.851085
520.876062 0.836677
521.504380 0.822083
522.132699 0.807306
522.761018 0.792349
523.389336 0.777216
524.017655 0.761910
524.645973 0.746435
525.274292 0.730795
525.902610 0.714993
526.530929 0.699034
527.159247 0.682922
527.787566 0.666659
528.415884 0.650251
529.044203 0.633701
529.672521 0.617014
530.300840 0.600194
530.929158 0.583246
531.557477 0.566173
532.185796 0.548981
532.814114 0.531673
533.442433 0.514256
534.070751 0.496734
534.699070 0.479113
535.327388 0.461397
535.955707 0.443592
536.584025 0.425705
537.212344 0.407742
537.840662 0.389710
538.468981 0.371616
539.097299 0.353469
539.725618 0.335276
540.353936 0.317050
540.982255 0.298801
541.610573 0.280543
542.238892 0.262293
542.867211 0.244071
543.495529 0.225901
544.123848 0.207817
544.752166 0.189861
545.380485 0.172093
546.008803 0.154595
546.637122 0.137491
547.265440 0.120965
547.893759 0.105310
548.522077 0.090993
549.150396 0.078809
549.778714 0.070318
550.407033 0.067069
551.035351 0.069830
551.663670 0.077991
552.291989 0.090060
552.920307 0.104393
553.548626 0.120127
554.176944 0.136767
554.805263 0.154009
555.433581 0.171657
556.061900 0.189585
556.690218 0.207705
557.318537 0.225958
557.946855 0.244299
558.575174 0.262694
559.203492 0.281117
559.831811 0.299550
560.460129 0.317973
561.088448 0.336375
561.716766 0.354743
562.345085 0.373065
562.973404 0.391335
563.601722 0.409542
564.230041 0.427680
564.858359 0.445741
565.486678 0.463720
566.114996 0.481609
566.743315 0.499404
567.371633 0.517098
567.999952 0.534687
568.628270 0.552166
569.256589 0.569528
569.884907 0.586771
570.513226 0.603888
571.141544 0.620876
571.769863 0.637731
572.398181 0.654447
573.026500 0.671020
573.654819 0.687447
574.283137 0.703723
574.911456 0.719844
575.539774 0.735807
576.168093 0.751607
576.796411 0.767241
577.424730 0.782704
578.053048 0.797994
578.681367 0.813106
579.309685 0.828037
579.938004 0.842784
580.566322 0.857342
581.194641 0.871709
581.822959 0.885880
582.451278 0.899854
583.079597 0.913626
583.707915 0.927193
584.336234 0.940552
584.964552 0.953700
585.592871 0.966635
586.221189 0.979352
586.849508 0.991849
587.477826 1.004123
588.106145 1.016172
588.734463 1.027991
589.362782 1.039580
589.991100 1.050935
590.619419 1.062053
591.247737 1.072932
591.876056 1.083570
592.504374 1.093963
593.132693 1.104110
593.761012 1.114008
594.389330 1.123655
595.017649 1.133049
595.645967 1.142188
596.274286 1.151068
596.902604 1.159690
597.530923 1.168050
598.159241 1.176146
598.787560 1.183977
599.415878 1.191541
600.044197 1.198837
600.672515 1.205861
601.300834 1.212614
601.929152 1.219093
602.557471 1.225297
603.185789 1.231225
603.814108 1.236874
604.442427 1.242245
605.070745 1.247335
605.699064 1.252143
606.327382 1.256669
606.955701 1.260911
607.584019 1.264868
608.212338 1.268540
608.840656 1.271925
609.468975 1.275024
610.097293 1.277834
610.725612 1.280356
611.353930 1.282589
611.982249 1.284532
612.610567 1.286185
613.238886 1.287548
613.867205 1.288619
614.495523 1.289400
615.123842 1.289890
615.752160 1.290089
616.380479 1.289996
617.008797 1.289612
617.637116 1.288940
618.265434 1.288343
618.893753 1.288070
619.522071 1.288121
620.150390 1.288499
620.778708 1.289190
621.407027 1.289778
622.035345 1.290075
622.663664 1.290081
623.291982 1.289796
623.920301 1.289220
624.548620 1.288353
625.176938 1.287195
625.805257 1.285748
626.433575 1.284010
627.061894 1.281982
627.690212 1.279665
628.318531 1.277060
628.946849 1.274166
629.575168 1.270986
630.203486 1.267518
630.831805 1.263765
631.460123 1.259726
632.088442 1.255404
632.716760 1.250798
633.345079 1.245911
633.973397 1.240742
634.601716 1.235294
635.230035 1.229567
635.858353 1.223563
636.486672 1.217283
637.114990 1.210729
637.743309 1.203902
638.371627 1.196804
638.999946 1.189436
639.628264 1.181801
640.256583 1.173898
640.884901 1.165732
641.513220 1.157303
642.141538 1.148614
642.769857 1.139665
643.398175 1.130461
644.026494 1.121002
644.654813 1.111291
645.283131 1.101329
645.911450 1.091120
646.539768 1.080666
647.168087 1.069969
647.796405 1.059032
648.424724 1.047856
649.053042 1.036445
649.681361 1.024802
650.309679 1.012929
650.937998 1.000828
651.566316 0.988503
652.194635 0.975957
652.822953 0.963192
653.451272 0.950211
654.079590 0.937018
654.707909 0.923615
655.336228 0.910007
655.964546 0.896195
656.592865 0.882183
657.221183 0.867975
657.849502 0.853573
658.477820 0.838982
659.106139 0.824205
659.734457 0.809245
660.362776 0.794106
660.991094 0.778792
661.619413 0.763306
662.247731 0.747652
662.876050 0.731834
663.504368 0.715856
664.132687 0.699722
664.761005 0.683436
665.389324 0.667003
666.017643 0.650426
666.645961 0.633709
667.274280 0.616858
667.902598 0.599876
668.530917 0.582769
669.159235 0.565542
669.787554 0.548198
670.415872 0.530744
671.044191 0.513184
671.672509 0.495525
672.300828 0.477771
672.929146 0.459930
673.557465 0.442007
674.185783 0.424009
674.814102 0.405945
675.442421 0.387822
676.070739 0.369649
676.699058 0.351436
677.327376 0.333195
677.955695 0.314938
678.584013 0.296680
679.212332 0.278441
679.840650 0.260241
680.468969 0.242107
681.097287 0.224076
681.725606 0.206191
682.353924 0.188513
682.982243 0.171125
683.610561 0.154142
684.238880 0.137734
684.867198 0.122150
685.495517 0.107764
686.123836 0.095139
686.752154 0.085263
687.380473 0.079577
688.008791 0.079028
688.637110 0.083742
689.265428 0.092947
689.893747 0.105256
690.522065 0.119492
691.150384 0.135035
691.778702 0.151471
692.407021 0.168528
693.035339 0.186020
693.663658 0.203823
694.291976 0.221847
694.920295 0.240027
695.548614 0.258317
696.176932 0.276680
696.805251 0.295086
697.433569 0.313514
698.061888 0.331944
698.690206 0.350360
699.318525 0.368749
699.946843 0.387100
700.575162 0.405402
701.203480 0.423646
701.831799 0.441823
702.460117 0.459927
703.088436 0.477950
703.716754 0.495885
704.345073 0.513726
704.973391 0.531468
705.601710 0.549104
706.230029 0.566630
706.858347 0.584040
707.486666 0.601328
708.114984 0.618491
708.743303 0.635524
709.371621 0.652421
709.999940 0.669179
710.628258 0.685793
711.256577 0.702258
711.884895 0.718571
712.513214 0.734728
713.141532 0.750723
713.769851 0.766554
714.398169 0.782217
715.026488 0.797707
715.654806 0.813021
716.283125 0.828155
716.911444 0.843106
717.539762 0.857869
718.168081 0.872442
718.796399 0.886821
719.424718 0.901002
720.053036 0.914982
720.681355 0.928758
721.309673 0.942327
721.937992 0.955685
722.566310 0.968829
723.194629 0.981756
723.822947 0.994463
724.451266 1.006948
725.079584 1.019207
725.707903 1.031237
726.336222 1.043036
726.964540 1.054600
727.592859 1.065928
728.221177 1.077016
728.849496 1.087863
729.477814 1.098464
730.106133 1.108819
730.734451 1.118925
731.362770 1.128778
731.991088 1.138378
732.619407 1.147721
733.247725 1.156807
733.876044 1.165631
734.504362 1.174194
735.132681 1.182491
735.760999 1.190523
736.389318 1.198286
737.017637 1.205779
737.645955 1.213001
738.274274 1.219949
738.902592 1.226623
739.530911 1.233020
740.159229 1.239138
740.787548 1.244978
741.415866 1.250537
742.044185 1.255814
742.672503 1.260808
743.300822 1.265517
743.929140 1.269941
744.557459 1.274079
745.185777 1.277929
745.814096 1.281491
746.442414 1.284764
747.070733 1.287747
747.699052 1.290440
748.327370 1.292842
748.955689 1.294952
749.584007 1.296769
750.212326 1.298295
750.840644 1.299527
751.468963 1.300466
752.097281 1.301112
752.725600 1.301465
753.353918 1.301523
753.982237 1.301288
754.610555 1.300760
755.238874 1.300044
755.867192 1.299605
756.495511 1.299497
757.123830 1.299724
757.752148 1.300286
758.380467 1.300992
759.008785 1.301420
759.637104 1.301555
760.265422 1.301397
760.893741 1.300945
761.522059 1.300200
762.150378 1.299162
762.778696 1.297832
763.407015 1.296209
764.035333 1.294293
764.663652 1.292087
765.291970 1.289589
765.920289 1.286800
766.548607 1.283722
767.176926 1.280354
767.805245 1.276698
768.433563 1.272754
769.061882 1.268523
769.690200 1.264007
770.318519 1.259206
770.946837 1.254122
771.575156 1.248755
772.203474 1.243107
772.831793 1.237179
773.460111 1.230973
774.088430 1.224489
774.716748 1.217730
775.345067 1.210697
775.973385 1.203391
776.601704 1.195815
777.230022 1.187969
777.858341 1.179857
778.486660 1.171479
779.114978 1.162838
779.743297 1.153935
780.371615 1.144773
780.999934 1.135354
781.628252 1.125680
782.256571 1.115753
782.884889 1.105576
783.513208 1.095151
784.141526 1.084480
784.769845 1.073565
785.398163 1.062410
786.026482 1.051017
786.654800 1.039389
787.283119 1.027528
787.911438 1.015437
788.539756 1.003119
789.168075 0.990577
789.796393 0.977814
790.424712 0.964832
791.053030 0.951635
791.681349 0.938227
792.309667 0.924609
792.937986 0.910786
793.566304 0.896761
794.194623 0.882537
794.822941 0.868117
795.451260 0.853505
796.079578 0.838705
796.707897 0.823720
797.336215 0.808554
797.964534 0.793210
798.592853 0.777693
799.221171 0.762006
799.849490 0.746153
800.477808 0.730138
801.106127 0.713966
801.734445 0.697640
802.362764 0.681165
802.991082 0.664545
803.619401 0.647785
804.247719 0.630889
804.876038 0.613862
805.504356 0.596709
806.132675 0.579435
806.760993 0.562044
807.389312 0.544544
808.017631 0.526938
808.645949 0.509233
809.274268 0.491436
809.902586 0.473552
810.530905 0.455589
811.159223 0.437554
811.787542 0.419456
812.415860 0.401302
813.044179 0.383104
813.672497 0.364872
814.300816 0.346619
814.929134 0.328358
815.557453 0.310107
816.185771 0.291885
816.814090 0.273717
817.442408 0.255632
818.070727 0.237667
818.699046 0.219871
819.327364 0.202305
819.955683 0.185053
820.584001 0.168231
821.212320 0.151998
821.840638 0.136583
822.468957 0.122310
823.097275 0.109643
823.725594 0.099254
824.353912 0.092371
824.982231 0.089947
825.610549 0.092356
826.238868 0.099270
826.867186 0.109758
827.495505 0.122557
828.123823 0.136981
828.752142 0.152559
829.380461 0.168960
830.008779 0.185953
830.637098 0.203377
831.265416 0.221116
831.893735 0.239085
832.522053 0.257222
833.150372 0.275478
833.778690 0.293817
834.407009 0.312209
835.035327 0.330630
835.663646 0.349059
836.291964 0.367481
836.920283 0.385880
837.548601 0.404245
838.176920 0.422563
838.805239 0.440826
839.433557 0.459025
840.061876 0.477151
840.690194 0.495196
841.318513 0.513155
841.946831 0.531019
842.575150 0.548783
843.203468 0.566442
843.831787 0.583989
844.460105 0.601418
845.088424 0.618726
845.716742 0.635906
846.345061 0.652954
846.973379 0.669865
847.601698 0.686634
848.230016 0.703257
848.858335 0.719730
849.486654 0.736048
850.114972 0.752207
850.743291 0.768202
851.371609 0.784030
851.999928 0.799687
852.628246 0.815169
853.256565 0.830472
853.884883 0.845592
854.513202 0.860526
855.141520 0.875270
855.769839 0.889820
856.398157 0.904173
857.026476 0.918325
857.654794 0.932273
858.283113 0.946014
858.911431 0.959544
859.539750 0.972861
860.168069 0.985960
860.796387 0.998839
861.424706 1.011496
862.053024 1.023926
862.681343 1.036127
863.309661 1.048097
863.937980 1.059831
864.566298 1.071329
865.194617 1.082586
865.822935 1.093600
866.451254 1.104369
867.079572 1.114891
867.707891 1.125162
868.336209 1.135181
868.964528 1.144944
869.592847 1.154451
870.221165 1.163698
870.849484 1.172684
871.477802 1.181406
872.106121 1.189862
872.734439 1.198051
873.362758 1.205970
873.991076 1.213618
874.619395 1.220993
875.247713 1.228093
875.876032 1.234917
876.504350 1.241462
877.132669 1.247729
877.760987 1.253714
878.389306 1.259417
879.017624 1.264837
879.645943 1.269971
880.274262 1.274820
880.902580 1.279381
881.530899 1.283654
882.159217 1.287639
882.787536 1.291332
883.415854 1.294735
884.044173 1.297847
884.672491 1.300666
885.300810 1.303191
885.929128 1.305423
886.557447 1.307361
887.185765 1.309005
887.814084 1.310353
888.442402 1.311406
889.070721 1.312163
889.699039 1.312625
890.327358 1.312791
890.955677 1.312661
891.583995 1.312235
892.212314 1.311529
892.840632 1.310970
893.468951 1.310750
894.097269 1.310872
894.725588 1.311337
895.353906 1.312067
895.982225 1.312582
896.610543 1.312801
897.238862 1.312726
897.867180 1.312354
898.495499 1.311688
899.123817 1.310726
899.752136 1.309469
900.380455 1.307917
901.008773 1.306071
901.637092 1.303930
902.265410 1.301497
902.893729 1.298770
903.522047 1.295752
904.150366 1.292441
904.778684 1.288840
905.407003 1.284949
906.035321 1.280769
906.663640 1.276300
907.291958 1.271545
907.920277 1.266503
908.548595 1.261177
909.176914 1.255567
909.805232 1.249675
910.433551 1.243502
911.061870 1.237049
911.690188 1.230318
912.318507 1.223311
912.946825 1.216029
913.575144 1.208473
914.203462 1.200647
914.831781 1.192550
915.460099 1.184186
916.088418 1.175557
916.716736 1.166663
917.345055 1.157508
917.973373 1.148093
918.601692 1.138421
919.230010 1.128493
919.858329 1.118313
920.486648 1.107883
921.114966 1.097204
921.743285 1.086280
922.371603 1.075113
922.999922 1.063705
923.628240 1.052060
924.256559 1.040180
924.884877 1.028069
925.513196 1.015727
926.141514 1.003160
926.769833 0.990369
927.398151 0.977358
928.026470 0.964130
928.654788 0.950688
929.283107 0.937035
929.911425 0.923174
930.539744 0.909109
931.168063 0.894844
931.796381 0.880382
932.424700 0.865725
933.053018 0.850879
933.681337 0.835846
934.309655 0.820631
934.937974 0.805236
935.566292 0.789667
936.194611 0.773927
936.822929 0.758020
937.451248 0.741950
938.079566 0.725721
938.707885 0.709338
939.336203 0.692805
939.964522 0.676127
940.592840 0.659309
941.221159 0.642354
941.849478 0.625268
942.477796 0.608057
943.106115 0.590725
943.734433 0.573278
944.362752 0.555721
944.991070 0.538061
945.619389 0.520303
946.247707 0.502455
946.876026 0.484524
947.504344 0.466516
948.132663 0.448441
948.760981 0.430307
949.389300 0.412123
950.017618 0.393901
950.645937 0.375652
951.274256 0.357391
951.902574 0.339133
952.530893 0.320897
953.159211 0.302704
953.787530 0.284581
954.415848 0.266560
955.044167 0.248683
955.672485 0.230999
956.300804 0.213574
956.929122 0.196497
957.557441 0.179884
958.185759 0.163892
958.814078 0.148739
959.442396 0.134725
960.070715 0.122257
960.699033 0.111868
961.327352 0.104552
961.955671 0.101251
962.583989 0.102376
963.212308 0.107810
963.840626 0.116926
964.468945 0.128564
965.097263 0.142016
965.725582 0.156807
966.353900 0.172579
966.982219 0.189077
967.610537 0.206112
968.238856 0.223547
968.867174 0.241283
969.495493 0.259243
970.123811 0.277369
970.752130 0.295615
971.380448 0.313945
972.008767 0.332331
972.637086 0.350748
973.265404 0.369176
973.893723 0.387598
974.522041 0.405999
975.150360 0.424367
975.778678 0.442690
976.406997 0.460957
977.035315 0.479160
977.663634 0.497290
978.291952 0.515339
978.920271 0.533300
979.548589 0.551166
980.176908 0.568930
980.805226 0.586587
981.433545 0.604130
982.061864 0.621554
982.690182 0.638853
983.318501 0.656023
983.946819 0.673058
984.575138 0.689954
985.203456 0.706705
985.831775 0.723308
986.460093 0.739757
987.088412 0.756048
987.716730 0.772176
988.345049 0.788139
988.973367 0.803931
989.601686 0.819549
990.230004 0.834988
990.858323 0.850244
991.486641 0.865315
992.114960 0.880196
992.743279 0.894883
993.371597 0.909373
993.999916 0.923662
994.628234 0.937747
995.256553 0.951625
995.884871 0.965292
996.513190 0.978744
997.141508 0.991979
997.769827 1.004994
998.398145 1.017784
999.026464 1.030348
999.654782 1.042683
1000.283101 1.054784
1000.911419 1.066651
1001.539738 1.078279
1002.168056 1.089666
1002.796375 1.100809
1003.424694 1.111706
1004.053012 1.122354
1004.681331 1.132751
1005.309649 1.142894
1005.937968 1.152781
1006.566286 1.162409
1007.194605 1.171777
1007.822923 1.180882
1008.451242 1.189722
1009.079560 1.198295
1009.707879 1.206599
1010.336197 1.214632
1010.964516 1.222392
1011.592834 1.229878
1012.221153 1.237087
1012.849472 1.244018
1013.477790 1.250670
1014.106109 1.257041
1014.734427 1.263128
1015.362746 1.268932
1015.991064 1.274451
1016.619383 1.279683
1017.247701 1.284627
1017.876020 1.289282
1018.504338 1.293646
1019.132657 1.297720
1019.760975 1.301502
1020.389294 1.304991
1021.017612 1.308186
1021.645931 1.311087
1022.274249 1.313693
1022.902568 1.316003
1023.530887 1.318017
1024.159205 1.319734
1024.787524 1.321154
1025.415842 1.322277
1026.044161 1.323102
1026.672479 1.323629
1027.300798 1.323858
1027.929116 1.323790
1028.557435 1.323423
1029.185753 1.322758
1029.814072 1.322127
1030.442390 1.321842
1031.070709 1.321906
1031.699027 1.322321
1032.327346 1.323046
1032.955665 1.323605
1033.583983 1.323867
1034.212302 1.323831
1034.840620 1.323497
1035.468939 1.322866
1036.097257 1.321937
1036.725576 1.320712
1037.353894 1.319189
1037.982213 1.317370
1038.610531 1.315255
1039.238850 1.312844
1039.867168 1.310138
1040.495487 1.307137
1041.123805 1.303843
1041.752124 1.300256
1042.380442 1.296376
1043.008761 1.292205
1043.637080 1.287744
1044.265398 1.282994
1044.893717 1.277955
1045.522035 1.272630
1046.150354 1.267018
1046.778672 1.261123
1047.406991 1.254944
1048.035309 1.248483
1048.663628 1.241742
1049.291946 1.234723
1049.920265 1.227427
1050.548583 1.219855
1051.176902 1.212010
1051.805220 1.203893
1052.433539 1.195506
1053.061857 1.186852
1053.690176 1.177932
1054.318495 1.168748
1054.946813 1.159302
1055.575132 1.149597
1056.203450 1.139635
1056.831769 1.129418
1057.460087 1.118949
1058.088406 1.108230
1058.716724 1.097263
1059.345043 1.086052
1059.973361 1.074599
1060.601680 1.062906
1061.229998 1.050977
1061.858317 1.038814
1062.486635 1.026420
1063.114954 1.013798
1063.743273 1.000951
1064.371591 0.987882
1064.999910 0.974595
1065.628228 0.961092
1066.256547 0.947377
1066.884865 0.933453
1067.513184 0.919324
1068.141502 0.904993
1068.769821 0.890464
1069.398139 0.875739
1070.026458 0.860824
1070.654776 0.845721
1071.283095 0.830435
1071.911413 0.814969
1072.539732 0.799328
1073.168050 0.783515
1073.796369 0.767534
1074.424688 0.751391
1075.053006 0.735088
1075.681325 0.718632
1076.309643 0.702025
1076.937962 0.685274
1077.566280 0.668382
1078.194599 0.651355
1078.822917 0.634198
1079.451236 0.616917
1080.079554 0.599516
1080.707873 0.582002
1081.336191 0.564380
1081.964510 0.546658
1082.592828 0.528841
1083.221147 0.510937
1083.849465 0.492953
1084.477784 0.474898
1085.106103 0.456780
1085.734421 0.438610
1086.362740 0.420397
1086.991058 0.402153
1087.619377 0.383893
1088.247695 0.365631
1088.876014 0.347385
1089.504332 0.329175
1090.132651 0.311025
1090.760969 0.292966
1091.389288 0.275031
1092.017606 0.257267
1092.645925 0.239728
1093.274243 0.222484
1093.902562 0.205630
1094.530881 0.189284
1095.159199 0.173609
1095.787518 0.158818
1096.415836 0.145199
1097.044155 0.133124
1097.672473 0.123062
1098.300792 0.115838
1098.929110 0.112358
1099.557429 0.112990
1100.185747 0.117687
1100.814066 0.125978
1101.442384 0.136821
1102.070703 0.149549
1102.699021 0.163711
1103.327340 0.178958
1103.955658 0.195022
1104.583977 0.211704
1105.212296 0.228857
1105.840614 0.246368
1106.468933 0.264151
1107.097251 0.282141
1107.725570 0.300285
1108.353888 0.318542
1108.982207 0.336879
1109.610525 0.355268
1110.238844 0.373685
1110.867162 0.392112
1111.495481 0.410531
1112.123799 0.428929
1112.752118 0.447291
1113.380436 0.465606
1114.008755 0.483865
1114.637073 0.502057
1115.265392 0.520174
1115.893711 0.538208
1116.522029 0.556152
1117.150348 0.573998
1117.778666 0.591740
1118.406985 0.609372
1119.035303 0.626887
1119.663622 0.644281
1120.291940 0.661547
1120.920259 0.678679
1121.548577 0.695674
1122.176896 0.712526
1122.805214 0.729230
1123.433533 0.745782
1124.061851 0.762177
1124.690170 0.778410
1125.318489 0.794477
1125.946807 0.810374
1126.575126 0.826097
1127.203444 0.841642
1127.831763 0.857004
1128.460081 0.872180
1129.088400 0.887165
1129.716718 0.901957
1130.345037 0.916552
1130.973355 0.930945
1131.601674 0.945134
1132.229992 0.959114
1132.858311 0.972883
1133.486629 0.986437
1134.114948 0.999773
1134.743266 1.012887
1135.371585 1.025776
1135.999904 1.038438
1136.628222 1.050869
1137.256541 1.063067
1137.884859 1.075028
1138.513178 1.086749
1139.141496 1.098228
1139.769815 1.109463
1140.398133 1.120449
1141.026452 1.131186
1141.654770 1.141670
1142.283089 1.151898
1142.911407 1.161869
1143.539726 1.171580
1144.168044 1.181029
1144.796363 1.190214
1145.424681 1.199132
1146.053000 1.207781
1146.681319 1.216160
1147.309637 1.224266
1147.937956 1.232097
1148.566274 1.239653
1149.194593 1.246930
1149.822911 1.253927
1150.451230 1.260643
1151.079548 1.267076
1151.707867 1.273225
1152.336185 1.279087
1152.964504 1.284663
1153.592822 1.289950
1154.221141 1.294947
1154.849459 1.299653
1155.477778 1.304068
1156.106097 1.308189
1156.734415 1.312016
1157.362734 1.315548
1157.991052 1.318785
1158.619371 1.321725
1159.247689 1.324369
1159.876008 1.326714
1160.504326 1.328761
1161.132645 1.330510
1161.760963 1.331959
1162.389282 1.333109
1163.017600 1.333959
1163.645919 1.334509
1164.274237 1.334759
1164.902556 1.334709
1165.530874 1.334359
1166.159193 1.333709
1166.787512 1.333054
1167.415830 1.332753
1168.044149 1.332809
1168.672467 1.333223
1169.300786 1.333952
1169.929104 1.334514
1170.557423 1.334776
1171.185741 1.334738
1171.814060 1.334400
1172.442378 1.333763
1173.070697 1.332826
1173.699015 1.331590
1174.327334 1.330056
1174.955652 1.328222
1175.583971 1.326090
1176.212290 1.323661
1176.840608 1.320935
1177.468927 1.317912
1178.097245 1.314593
1178.725564 1.310979
1179.353882 1.307071
1179.982201 1.302870
1180.610519 1.298376
1181.238838 1.293592
1181.867156 1.288517
1182.495475 1.283153
1183.123793 1.277501
1183.752112 1.271564
1184.380430 1.265341
1185.008749 1.258834
1185.637067 1.252046
1186.265386 1.244977
1186.893705 1.237629
1187.522023 1.230004
1188.150342 1.222104
1188.778660 1.213930
1189.406979 1.205485
1190.035297 1.196771
1190.663616 1.187789
1191.291934 1.178541
1191.920253 1.169030
1192.548571 1.159259
1193.176890 1.149228
1193.805208 1.138942
1194.433527 1.128401
1195.061845 1.117609
1195.690164 1.106569
1196.318482 1.095282
1196.946801 1.083752
1197.575120 1.071980
1198.203438 1.059972
1198.831757 1.047728
1199.460075 1.035252
1200.088394 1.022547
1200.716712 1.009616
1201.345031 0.996462
1201.973349 0.983088
1202.601668 0.969498
1203.229986 0.955695
1203.858305 0.941683
1204.486623 0.927464
1205.114942 0.913043
1205.743260 0.898423
1206.371579 0.883607
1206.999898 0.868601
1207.628216 0.853406
1208.256535 0.838028
1208.884853 0.822470
1209.513172 0.806736
1210.141490 0.790831
1210.769809 0.774759
1211.398127 0.758524
1212.026446 0.742131
1212.654764 0.725584
1213.283083 0.708889
1213.911401 0.692050
1214.539720 0.675071
1215.168038 0.657959
1215.796357 0.640719
1216.424675 0.623356
1217.052994 0.605877
1217.681313 0.588286
1218.309631 0.570592
1218.937950 0.552800
1219.566268 0.534918
1220.194587 0.516953
1220.822905 0.498914
1221.451224 0.480810
1222.079542 0.462650
1222.707861 0.444444
1223.336179 0.426206
1223.964498 0.407947
1224.592816 0.389682
1225.221135 0.371429
1225.849453 0.353208
1226.477772 0.335040
1227.106090 0.316954
1227.734409 0.298982
1228.362728 0.281163
1228.991046 0.263547
1229.619365 0.246194
1230.247683 0.229183
1230.876002 0.212611
1231.504320 0.196607
1232.132639 0.181339
1232.760957 0.167023
1233.389276 0.153940
1234.017594 0.142444
1234.645913 0.132958
1235.274231 0.126245
1235.902550 0.123119
1236.530868 0.123870
1237.159187 0.128448
1237.787506 0.136432
1238.415824 0.146852
1239.044143 0.159136
1239.672461 0.172877
1240.300780 0.187744
1240.929098 0.203478
1241.557417 0.219881
1242.185735 0.236801
1242.814054 0.254121
1243.442372 0.271749
1244.070691 0.289616
1244.699009 0.307664
1245.327328 0.325850
1245.955646 0.344135
1246.583965 0.362490
1247.212283 0.380888
1247.840602 0.399310
1248.468921 0.417735
1249.097239 0.436147
1249.725558 0.454534
1250.353876 0.472881
1250.982195 0.491178
1251.610513 0.509414
1252.238832 0.527581
1252.867150 0.545669
1253.495469 0.563670
1254.123787 0.581577
1254.752106 0.599383
1255.380424 0.617081
1256.008743 0.634665
1256.637061 0.652129
1257.265380 0.669466
1257.893698 0.686672
1258.522017 0.703741
1259.150336 0.720668
1259.778654 0.737448
1260.406973 0.754076
1261.035291 0.770547
1261.663610 0.786857
1262.291928 0.803001
1262.920247 0.818975
1263.548565 0.834774
1264.176884 0.850394
1264.805202 0.865832
1265.433521 0.881083
1266.061839 0.896143
1266.690158 0.911009
1267.318476 0.925676
1267.946795 0.940142
1268.575114 0.954401
1269.203432 0.968452
1269.831751 0.982290
1270.460069 0.995912
1271.088388 1.009314
1271.716706 1.022494
1272.345025 1.035448
1272.973343 1.048173
1273.601662 1.060666
1274.229980 1.072923
1274.858299 1.084943
1275.486617 1.096722
1276.114936 1.108257
1276.743254 1.119545
1277.371573 1.130584
1277.999891 1.141372
1278.628210 1.151905
1279.256529 1.162181
1279.884847 1.172198
1280.513166 1.181954
1281.141484 1.191445
1281.769803 1.200670
1282.398121 1.209627
1283.026440 1.218313
1283.654758 1.226727
1284.283077 1.234867
1284.911395 1.242730
1285.539714 1.250314
1286.168032 1.257619
1286.796351 1.264642
1287.424669 1.271382
1288.052988 1.277837
1288.681307 1.284005
1289.309625 1.289886
1289.937944 1.295477
1290.566262 1.300778
1291.194581 1.305787
1291.822899 1.310503
1292.451218 1.314925
1293.079536 1.319052
1293.707855 1.322883
1294.336173 1.326417
1294.964492 1.329654
1295.592810 1.332592
1296.221129 1.335231
1296.849447 1.337570
1297.477766 1.339608
1298.106084 1.341346
1298.734403 1.342783
1299.362722 1.343918
1299.991040 1.344752
1300.619359 1.345283
1301.247677 1.345513
1301.875996 1.345440
1302.504314 1.345065
1303.132633 1.344388
1303.760951 1.343757
1304.389270 1.343489
1305.017588 1.343586
1305.645907 1.344048
1306.274225 1.344791
1306.902544 1.345313
1307.530862 1.345534
1308.159181 1.345452
1308.787499 1.345069
1309.415818 1.344384
1310.044137 1.343398
1310.672455 1.342111
1311.300774 1.340523
1311.929092 1.338634
1312.557411 1.336445
1313.185729 1.333956
1313.814048 1.331169
1314.442366 1.328083
1315.070685 1.324700
1315.699003 1.321019
1316.327322 1.317043
1316.955640 1.312772
1317.583959 1.308206
1318.212277 1.303348
1318.840596 1.298197
1319.468915 1.292756
1320.097233 1.287026
1320.725552 1.281008
1321.353870 1.274703
1321.982189 1.268113
1322.610507 1.261239
1323.238826 1.254083
1323.867144 1.246647
1324.495463 1.238932
1325.123781 1.230941
1325.752100 1.222675
1326.380418 1.214135
1327.008737 1.205325
1327.637055 1.196246
1328.265374 1.186901
1328.893692 1.177291
1329.522011 1.167418
1330.150330 1.157286
1330.778648 1.146897
1331.406967 1.136252
1332.035285 1.125355
1332.663604 1.114209
1333.291922 1.102815
1333.920241 1.091177
1334.548559 1.079297
1335.176878 1.067179
1335.805196 1.054825
1336.433515 1.042238
1337.061833 1.029421
1337.690152 1.016378
1338.318470 1.003111
1338.946789 0.989625
1339.575107 0.975922
1340.203426 0.962005
1340.831745 0.947879
1341.460063 0.933546
1342.088382 0.919011
1342.716700 0.904276
1343.345019 0.889347
1343.973337 0.874226
1344.601656 0.858919
1345.229974 0.843427
1345.858293 0.827757
1346.486611 0.811912
1347.114930 0.795896
1347.743248 0.779714
1348.371567 0.763371
1348.999885 0.746871
1349.628204 0.730219
1350.256523 0.713419
1350.884841 0.696478
1351.513160 0.679400
1352.141478 0.662191
1352.769797 0.644856
1353.398115 0.627402
1354.026434 0.609834
1354.654752 0.592160
1355.283071 0.574386
1355.911389 0.556519
1356.539708 0.538567
1357.168026 0.520540
1357.796345 0.502444
1358.424663 0.484291
1359.052982 0.466090
1359.681300 0.447855
1360.309619 0.429597
1360.937938 0.411331
1361.566256 0.393074
1362.194575 0.374845
1362.822893 0.356667
1363.451212 0.338564
1364.079530 0.320568
1364.707849 0.302715
1365.336167 0.285051
1365.964486 0.267628
1366.592804 0.250517
1367.221123 0.233802
1367.849441 0.217592
1368.477760 0.202023
1369.106078 0.187273
1369.734397 0.173565
1370.362715 0.161180
1370.991034 0.150455
1371.619353 0.141785
1372.247671 0.135961
1372.875990 0.133631
1373.504308 0.134995
1374.132627 0.139961
1374.760945 0.148060
1375.389264 0.158391
1376.017582 0.170503
1376.645901 0.184035
1377.274219 0.198687
1377.902538 0.214217
1378.530856 0.230435
1379.159175 0.247192
1379.787493 0.264372
1380.415812 0.281884
1381.044131 0.299655
1381.672449 0.317627
1382.300768 0.335752
1382.929086 0.353993
1383.557405 0.372316
1384.185723 0.390694
1384.814042 0.409106
1385.442360 0.427530
1386.070679 0.445950
1386.698997 0.464350
1387.327316 0.482717
1387.955634 0.501039
1388.583953 0.519305
1389.212271 0.537505
1389.840590 0.555630
1390.468908 0.573671
1391.097227 0.591620
1391.725546 0.609470
1392.353864 0.627214
1392.982183 0.644845
1393.610501 0.662357
1394.238820 0.679744
1394.867138 0.697001
1395.495457 0.714120
1396.123775 0.731098
1396.752094 0.747928
1397.380412 0.764607
1398.008731 0.781129
1398.637049 0.797489
1399.265368 0.813682
1399.893686 0.829705
1400.522005 0.845552
1401.150324 0.861220
1401.778642 0.876705
1402.406961 0.892001
1403.035279 0.907106
1403.663598 0.922015
1404.291916 0.936724
1404.920235 0.951231
1405.548553 0.965530
1406.176872 0.979619
1406.805190 0.993493
1407.433509 1.007150
1408.061827 1.020586
1408.690146 1.033798
1409.318464 1.046782
1409.946783 1.059536
1410.575101 1.072055
1411.203420 1.084338
1411.831739 1.096381
1412.460057 1.108182
1413.088376 1.119736
1413.716694 1.131043
1414.345013 1.142098
1414.973331 1.152900
1415.601650 1.163445
1416.229968 1.173731
1416.858287 1.183757
1417.486605 1.193518
1418.114924 1.203014
1418.743242 1.212241
1419.371561 1.221198
1419.999879 1.229882
1420.628198 1.238292
1421.256516 1.246426
1421.884835 1.254281
1422.513154 1.261855
1423.141472 1.269148
1423.769791 1.276156
1424.398109 1.282880
1425.026428 1.289316
1425.654746 1.295464
1426.283065 1.301321
1426.911383 1.306888
1427.539702 1.312162
1428.168020 1.317142
1428.796339 1.321826
1429.424657 1.326215
1430.052976 1.330307
1430.681294 1.334100
1431.309613 1.337595
1431.937932 1.340790
1432.566250 1.343684
1433.194569 1.346277
1433.822887 1.348568
1434.451206 1.350556
1435.079524 1.352242
1435.707843 1.353625
1436.336161 1.354704
1436.964480 1.355480
1437.592798 1.355951
1438.221117 1.356118
1438.849435 1.355981
1439.477754 1.355541
1440.106072 1.354814
1440.734391 1.354258
1441.362709 1.354072
1441.991028 1.354260
1442.619347 1.354821
1443.247665 1.355552
1443.875984 1.355995
1444.504302 1.356134
1445.132621 1.355970
1445.760939 1.355502
1446.389258 1.354731
1447.017576 1.353656
1447.645895 1.352279
1448.274213 1.350598
1448.902532 1.348615
1449.530850 1.346331
1450.159169 1.343745
1450.787487 1.340858
1451.415806 1.337671
1452.044124 1.334185
1452.672443 1.330400
1453.300762 1.326318
1453.929080 1.321939
1454.557399 1.317265
1455.185717 1.312296
1455.814036 1.307033
1456.442354 1.301478
1457.070673 1.295633
1457.698991 1.289498
1458.327310 1.283075
1458.955628 1.276366
1459.583947 1.269372
1460.212265 1.262094
1460.840584 1.254535
1461.468902 1.246696
1462.097221 1.238579
1462.725540 1.230186
1463.353858 1.221520
1463.982177 1.212581
1464.610495 1.203372
1465.238814 1.193896
1465.867132 1.184155
1466.495451 1.174150
1467.123769 1.163885
1467.752088 1.153362
1468.380406 1.142583
1469.008725 1.131551
1469.637043 1.120269
1470.265362 1.108739
1470.893680 1.096964
1471.521999 1.084948
1472.150317 1.072692
1472.778636 1.060200
1473.406955 1.047475
1474.035273 1.034520
1474.663592 1.021339
1475.291910 1.007935
1475.920229 0.994310
1476.548547 0.980469
1477.176866 0.966415
1477.805184 0.952151
1478.433503 0.937682
1479.061821 0.923010
1479.690140 0.908140
1480.318458 0.893076
1480.946777 0.877822
1481.575095 0.862381
1482.203414 0.846758
1482.831732 0.830957
1483.460051 0.814983
1484.088370 0.798839
1484.716688 0.782532
1485.345007 0.766064
1485.973325 0.749442
1486.601644 0.732671
1487.229962 0.715755
1487.858281 0.698699
1488.486599 0.681510
1489.114918 0.664194
1489.743236 0.646756
1490.371555 0.629202
1490.999873 0.611540
1491.628192 0.593776
1492.256510 0.575918
1492.884829 0.557973
1493.513148 0.539951
1494.141466 0.521859
1494.769785 0.503709
1495.398103 0.485511
1496.026422 0.467276
1496.654740 0.449018
1497.283059 0.430751
1497.911377 0.412492
1498.539696 0.394260
1499.168014 0.376075
1499.796333 0.357964
1500.424651 0.339955
1501.052970 0.322084
1501.681288 0.304393
1502.309607 0.286931
1502.937925 0.269761
1503.566244 0.252959
1504.194563 0.236621
1504.822881 0.220867
1505.451200 0.205845
1506.079518 0.191744
1506.707837 0.178795
1507.336155 0.167280
1507.964474 0.157524
1508.592792 0.149929
1509.221111 0.145333
1509.849429 0.144167
1510.477748 0.146529
1511.106066 0.152272
1511.734385 0.160755
1512.362703 0.171258
1512.991022 0.183423
1513.619340 0.196935
1514.247659 0.211523
1514.875978 0.226969
1515.504296 0.243097
1516.132615 0.259765
1516.760933 0.276864
1517.389252 0.294303
1518.017570 0.312012
1518.645889 0.329932
1519.274207 0.348015
1519.902526 0.366223
1520.530844 0.384522
1521.159163 0.402884
1521.787481 0.421286
1522.415800 0.439706
1523.044118 0.458128
1523.672437 0.476535
1524.300756 0.494913
1524.929074 0.513250
1525.557393 0.531533
1526.185711 0.549753
1526.814030 0.567900
1527.442348 0.585966
1528.070667 0.603940
1528.698985 0.621817
1529.327304 0.639589
1529.955622 0.657249
1530.583941 0.674790
1531.212259 0.692205
1531.840578 0.709490
1532.468896 0.726639
1533.097215 0.743645
1533.725533 0.760503
1534.353852 0.777209
1534.982171 0.793756
1535.610489 0.810142
1536.238808 0.826359
1536.867126 0.842405
1537.495445 0.858275
1538.123763 0.873963
1538.752082 0.889467
1539.380400 0.904781
1540.008719 0.919903
1540.637037 0.934826
1541.265356 0.949549
1541.893674 0.964067
1542.521993 0.978375
1543.150311 0.992472
1543.778630 1.006352
1544.406949 1.020013
1545.035267 1.033452
1545.663586 1.046664
1546.291904 1.059646
1546.920223 1.072396
1547.548541 1.084910
1548.176860 1.097185
1548.805178 1.109218
1549.433497 1.121006
1550.061815 1.132546
1550.690134 1.143836
1551.318452 1.154873
1551.946771 1.165654
1552.575089 1.176176
1553.203408 1.186437
1553.831726 1.196435
1554.460045 1.206167
1555.088364 1.215630
1555.716682 1.224824
1556.345001 1.233744
1556.973319 1.242390
1557.601638 1.250759
1558.229956 1.258849
1558.858275 1.266659
1559.486593 1.274186
1560.114912 1.281428
1560.743230 1.288385
1561.371549 1.295054
1561.999867 1.301433
1562.628186 1.307522
1563.256504 1.313319
1563.884823 1.318822
1564.513141 1.324030
1565.141460 1.328942
1565.769779 1.333557
1566.398097 1.337874
1567.026416 1.341891
1567.654734 1.345608
1568.283053 1.349024
1568.911371 1.352138
1569.539690 1.354949
1570.168008 1.357457
1570.796327 1.359662
1571.424645 1.361561
1572.052964 1.363156
1572.681282 1.364446
1573.309601 1.365430
1573.937919 1.366108
1574.566238 1.366480
1575.194557 1.366547
1575.822875 1.366307
1576.451194 1.365762
1577.079512 1.365020
1577.707831 1.364590
1578.336149 1.364540
1578.964468 1.364871
1579.592786 1.365573
1580.221105 1.366204
1580.849423 1.366529
1581.477742 1.366548
1582.106060 1.366262
1582.734379 1.365670
1583.362697 1.364773
1583.991016 1.363571
1584.619334 1.362064
1585.247653 1.360253
1585.875972 1.358138
1586.504290 1.355719
1587.132609 1.352997
1587.760927 1.349973
1588.389246 1.346647
1589.017564 1.343020
1589.645883 1.339093
1590.274201 1.334868
1590.902520 1.330344
1591.530838 1.325523
1592.159157 1.320406
1592.787475 1.314995
1593.415794 1.309290
1594.044112 1.303294
1594.672431 1.297006
1595.300749 1.290430
1595.929068 1.283566
1596.557387 1.276416
1597.185705 1.268981
1597.814024 1.261265
1598.442342 1.253267
1599.070661 1.244991
1599.698979 1.236438
1600.327298 1.227611
1600.955616 1.218510
1601.583935 1.209140
1602.212253 1.199501
1602.840572 1.189596
1603.468890 1.179428
1604.097209 1.168999
1604.725527 1.158311
1605.353846 1.147368
1605.982165 1.136171
1606.610483 1.124724
1607.238802 1.113028
1607.867120 1.101089
1608.495439 1.088907
1609.123757 1.076486
1609.752076 1.063829
1610.380394 1.050940
1611.008713 1.037821
1611.637031 1.024477
1612.265350 1.010909
1612.893668 0.997122
1613.521987 0.983119
1614.150305 0.968904
1614.778624 0.954480
1615.406942 0.939852
1616.035261 0.925023
1616.663580 0.909996
1617.291898 0.894777
1617.920217 0.879369
1618.548535 0.863776
1619.176854 0.848003
1619.805172 0.832054
1620.433491 0.815934
1621.061809 0.799647
1621.690128 0.783198
1622.318446 0.766592
1622.946765 0.749835
1623.575083 0.732931
1624.203402 0.715887
1624.831720 0.698707
1625.460039 0.681397
1626.088357 0.663965
1626.716676 0.646416
1627.344995 0.628756
1627.973313 0.610994
1628.601632 0.593137
1629.229950 0.575193
1629.858269 0.557170
1630.486587 0.539078
1631.114906 0.520926
1631.743224 0.502726
1632.371543 0.484490
1632.999861 0.466231
1633.628180 0.447963
1634.256498 0.429703
1634.884817 0.411470
1635.513135 0.393285
1636.141454 0.375172
1636.769773 0.357162
1637.398091 0.339286
1638.026410 0.321586
1638.654728 0.304109
1639.283047 0.286914
1639.911365 0.270071
1640.539684 0.253667
1641.168002 0.237810
1641.796321 0.222632
1642.424639 0.208297
1643.052958 0.195005
1643.681276 0.182996
1644.309595 0.172552
1644.937913 0.163982
1645.566232 0.157801
1646.194550 0.154765
1646.822869 0.155091
1647.451188 0.158773
1648.079506 0.165545
1648.707825 0.174590
1649.336143 0.185471
1649.964462 0.197876
1650.592780 0.211527
1651.221099 0.226188
1651.849417 0.241662
1652.477736 0.257791
1653.106054 0.274446
1653.734373 0.291523
1654.362691 0.308937
1654.991010 0.326621
1655.619328 0.344518
1656.247647 0.362581
1656.875966 0.380773
1657.504284 0.399059
1658.132603 0.417412
1658.760921 0.435808
1659.389240 0.454225
1660.017558 0.472647
1660.645877 0.491056
1661.274195 0.509439
1661.902514 0.527782
1662.530832 0.546073
1663.159151 0.564302
1663.787469 0.582458
1664.415788 0.600533
1665.044106 0.618519
1665.672425 0.636406
1666.300743 0.654189
1666.929062 0.671858
1667.557381 0.689409
1668.185699 0.706834
1668.814018 0.724127
1669.442336 0.741283
1670.070655 0.758295
1670.698973 0.775158
1671.327292 0.791868
1671.955610 0.808418
1672.583929 0.824804
1673.212247 0.841021
1673.840566 0.857065
1674.468884 0.872930
1675.097203 0.888613
1675.725521 0.904109
1676.353840 0.919413
1676.982158 0.934522
1677.610477 0.949432
1678.238796 0.964139
1678.867114 0.978638
1679.495433 0.992927
1680.123751 1.007001
1680.752070 1.020857
1681.380388 1.034491
1682.008707 1.047900
1682.637025 1.061080
1683.265344 1.074029
1683.893662 1.086742
1684.521981 1.099217
1685.150299 1.111451
1685.778618 1.123440
1686.406936 1.135182
1687.035255 1.146674
1687.663574 1.157913
1688.291892 1.168896
1688.920211 1.179621
1689.548529 1.190085
1690.176848 1.200285
1690.805166 1.210220
1691.433485 1.219886
1692.061803 1.229281
1692.690122 1.238404
1693.318440 1.247251
1693.946759 1.255821
1694.575077 1.264112
1695.203396 1.272121
1695.831714 1.279848
1696.460033 1.287289
1697.088351 1.294444
1697.716670 1.301310
1698.344989 1.307886
1698.973307 1.314171
1699.601626 1.320162
1700.229944 1.325859
1700.858263 1.331260
1701.486581 1.336364
1702.114900 1.341170
1702.743218 1.345676
1703.371537 1.349881
1703.999855 1.353785
1704.628174 1.357386
1705.256492 1.360685
1705.884811 1.363679
1706.513129 1.366368
1707.141448 1.368752
1707.769766 1.370830
1708.398085 1.372601
1709.026404 1.374065
1709.654722 1.375223
1710.283041 1.376072
1710.911359 1.376615
1711.539678 1.376849
1712.167996 1.376775
1712.796315 1.376394
1713.424633 1.375704
1714.052952 1.375069
1714.681270 1.374819
1715.309589 1.374957
1715.937907 1.375483
1716.566226 1.376233
1717.194544 1.376710
1717.822863 1.376879
1718.451182 1.376741
1719.079500 1.376296
1719.707819 1.375543
1720.336137 1.374483
1720.964456 1.373117
1721.592774 1.371444
1722.221093 1.369464
1722.849411 1.367180
1723.477730 1.364590
1724.106048 1.361696
1724.734367 1.358498
1725.362685 1.354997
1725.991004 1.351193
1726.619322 1.347089
1727.247641 1.342684
1727.875959 1.337980
1728.504278 1.332978
1729.132597 1.327678
1729.760915 1.322083
1730.389234 1.316194
1731.017552 1.310012
1731.645871 1.303538
1732.274189 1.296774
1732.902508 1.289722
1733.530826 1.282383
1734.159145 1.274759
1734.787463 1.266852
1735.415782 1.258664
1736.044100 1.250196
1736.672419 1.241452
1737.300737 1.232432
1737.929056 1.223139
1738.557374 1.213576
1739.185693 1.203744
1739.814012 1.193646
1740.442330 1.183285
1741.070649 1.172662
1741.698967 1.161782
1742.327286 1.150645
1742.955604 1.139255
1743.583923 1.127616
1744.212241 1.115728
1744.840560 1.103597
1745.468878 1.091224
1746.097197 1.078612
1746.725515 1.065766
1747.353834 1.052687
1747.982152 1.039380
1748.610471 1.025848
1749.238790 1.012095
1749.867108 0.998122
1750.495427 0.983936
1751.123745 0.969538
1751.752064 0.954934
1752.380382 0.940126
1753.008701 0.925120
1753.637019 0.909918
1754.265338 0.894525
1754.893656 0.878946
1755.521975 0.863184
1756.150293 0.847245
1756.778612 0.831132
1757.406930 0.814851
1758.035249 0.798407
1758.663567 0.781804
1759.291886 0.765048
1759.920205 0.748144
1760.548523 0.731098
1761.176842 0.713916
1761.805160 0.696603
1762.433479 0.679166
1763.061797 0.661611
1763.690116 0.643946
1764.318434 0.626178
1764.946753 0.608314
1765.575071 0.590363
1766.203390 0.572334
1766.831708 0.554235
1767.460027 0.536078
1768.088345 0.517874
1768.716664 0.499634
1769.344983 0.481372
1769.973301 0.463103
1770.601620 0.444844
1771.229938 0.426613
1771.858257 0.408432
1772.486575 0.390326
1773.114894 0.372322
1773.743212 0.354455
1774.371531 0.336763
1774.999849 0.319293
1775.628168 0.302101
1776.256486 0.285253
1776.884805 0.268832
1777.513123 0.252935
1778.141442 0.237686
1778.769760 0.223231
1779.398079 0.209749
1780.026398 0.197453
1780.654716 0.186589
1781.283035 0.177433
1781.911353 0.170296
1782.539672 0.165934
1783.167990 0.164753
1783.796309 0.166835
1784.424627 0.172076
1785.052946 0.179890
1785.681264 0.189644
1786.309583 0.201046
1786.937901 0.213823
1787.566220 0.227735
1788.194538 0.242573
1788.822857 0.258167
1789.451175 0.274374
1790.079494 0.291079
1790.707813 0.308187
1791.336131 0.325620
1791.964450 0.343314
1792.592768 0.361216
1793.221087 0.379281
1793.849405 0.397472
1794.477724 0.415757
1795.106042 0.434109
1795.734361 0.452504
1796.362679 0.470920
1796.990998 0.489341
1797.619316 0.507749
1798.247635 0.526131
1798.875953 0.544472
1799.504272 0.562762
1800.132591 0.580989
1800.760909 0.599144
1801.389228 0.617217
1802.017546 0.635198
1802.645865 0.653082
1803.274183 0.670858
1803.902502 0.688521
1804.530820 0.706064
1805.159139 0.723479
1805.787457 0.740761
1806.415776 0.757904
1807.044094 0.774901
1807.672413 0.791748
1808.300731 0.808439
1808.929050 0.824969
1809.557368 0.841333
1810.185687 0.857525
1810.814006 0.873542
1811.442324 0.889378
1812.070643 0.905029
1812.698961 0.920491
1813.327280 0.935759
1813.955598 0.950829
1814.583917 0.965698
1815.212235 0.980361
1815.840554 0.994814
1816.468872 1.009053
1817.097191 1.023076
1817.725509 1.036877
1818.353828 1.050454
1818.982146 1.063804
1819.610465 1.076922
1820.238783 1.089805
1820.867102 1.102451
1821.495421 1.114855
1822.123739 1.127016
1822.752058 1.138929
1823.380376 1.150593
1824.008695 1.162003
1824.637013 1.173158
1825.265332 1.184054
1825.893650 1.194689
1826.521969 1.205061
1827.150287 1.215166
1827.778606 1.225003
1828.406924 1.234568
1829.035243 1.243861
1829.663561 1.252877
1830.291880 1.261616
1830.920199 1.270075
1831.548517 1.278252
1832.176836 1.286145
1832.805154 1.293752
1833.433473 1.301072
1834.061791 1.308103
1834.690110 1.314842
1835.318428 1.321289
1835.946747 1.327442
1836.575065 1.333299
1837.203384 1.338860
1837.831702 1.344121
1838.460021 1.349084
1839.088339 1.353746
1839.716658 1.358105
1840.344976 1.362162
1840.973295 1.365915
1841.601614 1.369364
1842.229932 1.372507
1842.858251 1.375344
1843.486569 1.377873
1844.114888 1.380095
1844.743206 1.382010
1845.371525 1.383615
1845.999843 1.384912
1846.628162 1.385900
1847.256480 1.386578
1847.884799 1.386946
1848.513117 1.387005
1849.141436 1.386754
1849.769754 1.386194
1850.398073 1.385448
1851.026391 1.385037
1851.654710 1.385019
1852.283029 1.385398
1852.911347 1.386138
1853.539666 1.386731
1854.167984 1.387016
1854.796303 1.386991
1855.424621 1.386657
1856.052940 1.386014
1856.681258 1.385063
1857.309577 1.383802
1857.937895 1.382233
1858.566214 1.380357
1859.194532 1.378172
1859.822851 1.375681
1860.451169 1.372883
1861.079488 1.369779
1861.707807 1.366371
1862.336125 1.362658
1862.964444 1.358642
1863.592762 1.354323
1864.221081 1.349703
1864.849399 1.344783
1865.477718 1.339563
1866.106036 1.334046
1866.734355 1.328232
1867.362673 1.322123
1867.990992 1.315721
1868.619310 1.309026
1869.247629 1.302040
1869.875947 1.294766
1870.504266 1.287205
1871.132584 1.279358
1871.760903 1.271228
1872.389222 1.262817
1873.017540 1.254126
1873.645859 1.245157
1874.274177 1.235914
1874.902496 1.226397
1875.530814 1.216610
1876.159133 1.206555
1876.787451 1.196234
1877.415770 1.185650
1878.044088 1.174805
1878.672407 1.163703
1879.300725 1.152345
1879.929044 1.140734
1880.557362 1.128874
1881.185681 1.116768
1881.814000 1.104418
1882.442318 1.091828
1883.070637 1.079001
1883.698955 1.065939
1884.327274 1.052647
1884.955592 1.039128
1885.583911 1.025386
1886.212229 1.011423
1886.840548 0.997244
1887.468866 0.982852
1888.097185 0.968251
1888.725503 0.953446
1889.353822 0.938439
1889.982140 0.923236
1890.610459 0.907840
1891.238777 0.892257
1891.867096 0.876489
1892.495415 0.860543
1893.123733 0.844422
1893.752052 0.828131
1894.380370 0.811676
1895.008689 0.795061
1895.637007 0.778293
1896.265326 0.761375
1896.893644 0.744315
1897.521963 0.727118
1898.150281 0.709790
1898.778600 0.692338
1899.406918 0.674768
1900.035237 0.657088
1900.663555 0.639305
1901.291874 0.621427
1901.920192 0.603462
1902.548511 0.585420
1903.176830 0.567310
1903.805148 0.549144
1904.433467 0.530931
1905.061785 0.512685
1905.690104 0.494420
1906.318422 0.476151
1906.946741 0.457894
1907.575059 0.439669
1908.203378 0.421498
1908.831696 0.403405
1909.460015 0.385420
1910.088333 0.367574
1910.716652 0.349908
1911.344970 0.332467
1911.973289 0.315305
1912.601608 0.298487
1913.229926 0.282092
1913.858245 0.266214
1914.486563 0.250966
1915.114882 0.236487
1915.743200 0.222939
1916.371519 0.210516
1916.999837 0.199441
1917.628156 0.189960
1918.256474 0.182332
1918.884793 0.177098
1919.513111 0.174885
1920.141430 0.175822
1920.769748 0.179874
1921.398067 0.186696
1922.026385 0.195538
1922.654704 0.206100
1923.283023 0.218124
1923.911341 0.231373
1924.539660 0.245636
1925.167978 0.260736
1925.796297 0.276523
1926.424615 0.292874
1927.052934 0.309684
1927.681252 0.326870
1928.309571 0.344360
1928.937889 0.362097
1929.566208 0.380029
1930.194526 0.398117
1930.822845 0.416324
1931.451163 0.434620
1932.079482 0.452978
1932.707800 0.471376
1933.336119 0.489793
1933.964438 0.508212
1934.592756 0.526617
1935.221075 0.544992
1935.849393 0.563326
1936.477712 0.581606
1937.106030 0.599822
1937.734349 0.617963
1938.362667 0.636020
1938.990986 0.653984
1939.619304 0.671848
1940.247623 0.689603
1940.875941 0.707242
1941.504260 0.724758
1942.132578 0.742145
1942.760897 0.759396
1943.389216 0.776505
1944.017534 0.793467
1944.645853 0.810276
1945.274171 0.826926
1945.902490 0.843412
1946.530808 0.859729
1947.159127 0.875872
1947.787445 0.891837
1948.415764 0.907618
1949.044082 0.923211
1949.672401 0.938612
1950.300719 0.953817
1950.929038 0.968821
1951.557356 0.983620
1952.185675 0.998210
1952.813993 1.012588
1953.442312 1.026749
1954.070631 1.040690
1954.698949 1.054407
1955.327268 1.067896
1955.955586 1.081155
1956.583905 1.094179
1957.212223 1.106965
1957.840542 1.119511
1958.468860 1.131813
1959.097179 1.143867
1959.725497 1.155672
1960.353816 1.167223
1960.982134 1.178518
1961.610453 1.189555
1962.238771 1.200330
1962.867090 1.210841
1963.495408 1.221085
1964.123727 1.231060
1964.752046 1.240764
1965.380364 1.250193
1966.008683 1.259346
1966.637001 1.268221
1967.265320 1.276815
1967.893638 1.285126
1968.521957 1.293153
1969.150275 1.300893
1969.778594 1.308344
1970.406912 1.315506
1971.035231 1.322375
1971.663549 1.328950
1972.291868 1.335230
1972.920186 1.341214
1973.548505 1.346899
1974.176824 1.352285
1974.805142 1.357370
1975.433461 1.362153
1976.061779 1.366633
1976.690098 1.370808
1977.318416 1.374679
1977.946735 1.378243
1978.575053 1.381500
1979.203372 1.384449
1979.831690 1.387090
1980.460009 1.389422
1981.088327 1.391445
1981.716646 1.393157
1982.344964 1.394559
1982.973283 1.395649
1983.601601 1.396429
1984.229920 1.396898
1984.858239 1.397055
1985.486557 1.396900
1986.114876 1.396434
1986.743194 1.395685
1987.371513 1.395151
1987.999831 1.395017
1988.628150 1.395287
1989.256468 1.395959
1989.884787 1.396637
1990.513105 1.397004
1991.141424 1.397060
1991.769742 1.396806
1992.398061 1.396240
1993.026379 1.395364
1993.654698 1.394177
1994.283016 1.392681
1994.911335 1.390874
1995.539654 1.388758
1996.167972 1.386333
1996.796291 1.383600
1997.424609 1.380559
1998.052928 1.377211
1998.681246 1.373557
1999.309565 1.369598
1999.937883 1.365334
2000.566202 1.360768
2001.194520 1.355899
2001.822839 1.350728
2002.451157 1.345258
2003.079476 1.339490
2003.707794 1.333425
2004.336113 1.327063
2004.964432 1.320408
2005.592750 1.313460
2006.221069 1.306222
2006.849387 1.298694
2007.477706 1.290879
2008.106024 1.282779
2008.734343 1.274395
2009.362661 1.265730
2009.990980 1.256785
2010.619298 1.247564
2011.247617 1.238067
2011.875935 1.228298
2012.504254 1.218259
2013.132572 1.207953
2013.760891 1.197381
2014.389209 1.186547
2015.017528 1.175453
2015.645847 1.164102
2016.274165 1.152496
2016.902484 1.140640
2017.530802 1.128535
2018.159121 1.116185
2018.787439 1.103593
2019.415758 1.090762
2020.044076 1.077696
2020.672395 1.064397
2021.300713 1.050869
2021.929032 1.037117
2022.557350 1.023143
2023.185669 1.008951
2023.813987 0.994544
2024.442306 0.979928
2025.070625 0.965106
2025.698943 0.950081
2026.327262 0.934859
2026.955580 0.919443
2027.583899 0.903838
2028.212217 0.888048
2028.840536 0.872078
2029.468854 0.855934
2030.097173 0.839618
2030.725491 0.823138
2031.353810 0.806498
2031.982128 0.789703
2032.610447 0.772760
2033.238765 0.755674
2033.867084 0.738450
2034.495402 0.721097
2035.123721 0.703619
2035.752040 0.686025
2036.380358 0.668320
2037.008677 0.650514
2037.636995 0.632615
2038.265314 0.614630
2038.893632 0.596570
2039.521951 0.578445
2040.150269 0.560265
2040.778588 0.542042
2041.406906 0.523789
2042.035225 0.505520
2042.663543 0.487251
2043.291862 0.468999
2043.920180 0.450785
2044.548499 0.432630
2045.176817 0.414559
2045.805136 0.396602
2046.433455 0.378792
2047.061773 0.361169
2047.690092 0.343777
2048.318410 0.326672
2048.946729 0.309917
2049.575047 0.293588
2050.203366 0.277778
2050.831684 0.262595
2051.460003 0.248169
2052.088321 0.234654
2052.716640 0.222231
2053.344958 0.211103
2053.973277 0.201496
2054.601595 0.193647
2055.229914 0.187936
2055.858233 0.185083
2056.486551 0.185274
2057.114870 0.188514
2057.743188 0.194586
2058.371507 0.202743
2058.999825 0.212649
2059.628144 0.224066
2060.256462 0.236763
2060.884781 0.250537
2061.513099 0.265209
2062.141418 0.280624
2062.769736 0.296655
2063.398055 0.313194
2064.026373 0.330150
2064.654692 0.347448
2065.283010 0.365025
2065.911329 0.382828
2066.539648 0.400812
2067.167966 0.418938
2067.796285 0.437172
2068.424603 0.455488
2069.052922 0.473858
2069.681240 0.492263
2070.309559 0.510681
2070.937877 0.529097
2071.566196 0.547494
2072.194514 0.565858
2072.822833 0.584177
2073.451151 0.602438
2074.079470 0.620632
2074.707788 0.638748
2075.336107 0.656777
2075.964425 0.674710
2076.592744 0.692539
2077.221063 0.710257
2077.849381 0.727855
2078.477700 0.745327
2079.106018 0.762667
2079.734337 0.779868
2080.362655 0.796924
2080.990974 0.813829
2081.619292 0.830578
2082.247611 0.847165
2082.875929 0.863584
2083.504248 0.879832
2084.132566 0.895902
2084.760885 0.911790
2085.389203 0.927492
2086.017522 0.943002
2086.645841 0.958316
2087.274159 0.973431
2087.902478 0.988342
2088.530796 1.003044
2089.159115 1.017534
2089.787433 1.031808
2090.415752 1.045862
2091.044070 1.059692
2091.672389 1.073295
2092.300707 1.086667
2092.929026 1.099805
2093.557344 1.112705
2094.185663 1.125364
2094.813981 1.137779
2095.442300 1.149946
2096.070618 1.161863
2096.698937 1.173526
2097.327256 1.184933
2097.955574 1.196080
2098.583893 1.206966
2099.212211 1.217587
2099.840530 1.227940
2100.468848 1.238024
2101.097167 1.247835
2101.725485 1.257371
2102.353804 1.266631
2102.982122 1.275611
2103.610441 1.284309
2104.238759 1.292724
2104.867078 1.300852
2105.495396 1.308694
2106.123715 1.316245
2106.752033 1.323505
2107.380352 1.330472
2108.008671 1.337145
2108.636989 1.343520
2109.265308 1.349598
2109.893626 1.355376
2110.521945 1.360854
2111.150263 1.366029
2111.778582 1.370901
2112.406900 1.375468
2113.035219 1.379730
2113.663537 1.383685
2114.291856 1.387332
2114.920174 1.390671
2115.548493 1.393701
2116.176811 1.396421
2116.805130 1.398830
2117.433449 1.400928
2118.061767 1.402714
2118.690086 1.404188
2119.318404 1.405350
2119.946723 1.406198
2120.575041 1.406734
2121.203360 1.406957
2121.831678 1.406866
2122.459997 1.406463
2123.088315 1.405748
2123.716634 1.405130
2124.344952 1.404920
2124.973271 1.405120
2125.601589 1.405730
2126.229908 1.406457
2126.858226 1.406875
2127.486545 1.406980
2128.114864 1.406773
2128.743182 1.406253
2129.371501 1.405420
2129.999819 1.404276
2130.628138 1.402820
2131.256456 1.401052
2131.884775 1.398972
2132.513093 1.396583
2133.141412 1.393883
2133.769730 1.390874
2134.398049 1.387556
2135.026367 1.383930
2135.654686 1.379997
2136.283004 1.375758
2136.911323 1.371214
2137.539642 1.366366
2138.167960 1.361215
2138.796279 1.355763
2139.424597 1.350010
2140.052916 1.343958
2140.681234 1.337609
2141.309553 1.330964
2141.937871 1.324025
2142.566190 1.316794
2143.194508 1.309271
2143.822827 1.301460
2144.451145 1.293361
2145.079464 1.284977
2145.707782 1.276310
2146.336101 1.267363
2146.964419 1.258136
2147.592738 1.248633
2148.221057 1.238856
2148.849375 1.228807
2149.477694 1.218489
2150.106012 1.207904
2150.734331 1.197055
2151.362649 1.185945
2151.990968 1.174577
2152.619286 1.162952
2153.247605 1.151075
2153.875923 1.138949
2154.504242 1.126575
2155.132560 1.113959
2155.760879 1.101102
2156.389197 1.088008
2157.017516 1.074681
2157.645834 1.061124
2158.274153 1.047341
2158.902472 1.033335
2159.530790 1.019110
2160.159109 1.004670
2160.787427 0.990019
2161.415746 0.975161
2162.044064 0.960101
2162.672383 0.944841
2163.300701 0.929388
2163.929020 0.913745
2164.557338 0.897916
2165.185657 0.881908
2165.813975 0.865724
2166.442294 0.849370
2167.070612 0.832850
2167.698931 0.816171
2168.327250 0.799337
2168.955568 0.782355
2169.583887 0.765231
2170.212205 0.747971
2170.840524 0.730581
2171.468842 0.713068
2172.097161 0.695440
2172.725479 0.677704
2173.353798 0.659867
2173.982116 0.641939
2174.610435 0.623929
2175.238753 0.605846
2175.867072 0.587701
2176.495390 0.569504
2177.123709 0.551269
2177.752027 0.533008
2178.380346 0.514737
2179.008665 0.496471
2179.636983 0.478228
2180.265302 0.460030
2180.893620 0.441898
2181.521939 0.423859
2182.150257 0.405943
2182.778576 0.388183
2183.406894 0.370621
2184.035213 0.353302
2184.663531 0.336280
2185.291850 0.319621
2185.920168 0.303399
2186.548487 0.287705
2187.176805 0.272645
2187.805124 0.258345
2188.433442 0.244953
2189.061761 0.232638
2189.690080 0.221592
2190.318398 0.212024
2190.946717 0.204151
2191.575035 0.198273
2192.203354 0.195117
2192.831672 0.194915
2193.459991 0.197689
2194.088309 0.203282
2194.716628 0.210979
2195.344946 0.220422
2195.973265 0.231389
2196.601583 0.243666
2197.229902 0.257055
2197.858220 0.271380
2198.486539 0.286488
